-0.2054604 0.9615586 0.0002130 -0.1548724 -0.1314289 -0.6151189 0.7618200 2415021.0000000
-0.2117088 0.9602014 0.0002124 -0.1831417 0.0878529 0.4449412 0.8722203 2415021.3653654
-0.2179483 0.9588041 0.0002117 0.0055752 0.2030466 0.9778353 -0.0507854 2415021.7307307
-0.2241787 0.9573667 0.0002110 -0.1876866 -0.0776707 -0.3521908 0.9136206 2415022.0960961
-0.2303996 0.9558894 0.0002104 -0.1474269 0.1397294 0.6907291 0.6939988 2415022.4614615
-0.2366109 0.9543721 0.0002097 0.0675041 0.1915782 0.9152736 -0.3478723 2415022.8268268
-0.2428121 0.9528149 0.0002091 -0.2024563 -0.0164452 -0.0554026 0.9775845 2415023.1921922
-0.2490031 0.9512180 0.0002084 -0.0975383 0.1781721 0.8701094 0.4490553 2415023.5575576
-0.2551835 0.9495814 0.0002078 -0.1229431 -0.1616911 -0.7647164 0.6115144 2415023.9229229
-0.2613532 0.9479052 0.0002072 -0.1977616 0.0463615 0.2467120 0.9475622 2415024.2882883
-0.2675118 0.9461895 0.0002066 -0.0382722 0.1994850 0.9658362 0.1609390 2415024.6536537
-0.2736590 0.9444344 0.0002060 -0.1665621 -0.1162587 -0.5406383 0.8163646 2415025.0190190
-0.2797947 0.9426399 0.0002054 -0.1740536 0.1047108 0.5251075 0.8264400 2415025.3843844
-0.2859184 0.9408062 0.0002049 0.0246735 0.2016190 0.9687063 -0.1426501 2415025.7497497
-0.2920301 0.9389334 0.0002043 -0.1941675 -0.0596491 -0.2645826 0.9427285 2415026.1151151
-0.2981294 0.9370215 0.0002038 -0.1336119 0.1529931 0.7530184 0.6258628 2415026.4804805
-0.3042161 0.9350708 0.0002032 0.0852470 0.1843691 0.8784437 -0.4325247 2415026.8458458
-0.3102899 0.9330812 0.0002027 -0.2031053 0.0026954 0.0369104 0.9784573 2415027.2112112
-0.3163505 0.9310528 0.0002022 -0.0803244 0.1865663 0.9085331 0.3651144 2415027.5765766
-0.3223978 0.9289859 0.0002017 -0.1376248 -0.1493936 -0.7037264 0.6808158 2415027.9419419
-0.3284315 0.9268805 0.0002013 -0.1925162 0.0647807 0.3348549 0.9201159 2415028.3073073
-0.3344514 0.9247366 0.0002008 -0.0193145 0.2022028 0.9767003 0.0692634 2415028.6726727
-0.3404571 0.9225545 0.0002003 -0.1767710 -0.1000551 -0.4613520 0.8636523 2415029.0380380
-0.3464486 0.9203342 0.0001999 -0.1634183 0.1206378 0.6006059 0.7733133 2415029.4034034
-0.3524254 0.9180758 0.0001994 0.0435524 0.1983991 0.9509663 -0.2332467 2415029.7687688
-0.3583875 0.9157794 0.0001990 -0.1989222 -0.0410971 -0.1746225 0.9634563 2415030.1341341
-0.3643346 0.9134452 0.0001985 -0.1186090 0.1648967 0.8086139 0.5521635 2415030.4994995
-0.3702664 0.9110732 0.0001981 -0.1022321 -0.1755210 -0.8338052 0.5133322 2415030.8648649
-0.3761827 0.9086635 0.0001976 -0.2019486 0.0218119 0.1288954 0.9706323 2415031.2302302
-0.3820833 0.9062164 0.0001972 -0.0623965 0.1933021 0.9388808 0.2779279 2415031.5955956
-0.3879680 0.9037318 0.0001967 -0.1510830 -0.1357680 -0.6364809 0.7440652 2415031.9609610
-0.3938365 0.9012098 0.0001963 -0.1855594 0.0826240 0.4200211 0.8844904 2415032.3263263
-0.3996886 0.8986507 0.0001958 -0.0001851 0.2031231 0.9788824 -0.0230280 2415032.6916917
-0.4055241 0.8960545 0.0001953 -0.1854085 -0.0829620 -0.3779645 0.9032629 2415033.0570571
-0.4113427 0.8934212 0.0001948 -0.1513301 0.1354924 0.6707654 0.7133125 2415033.4224224
-0.4171443 0.8907511 0.0001943 0.0620442 0.1934155 0.9247730 -0.3217700 2415033.7877878
-0.4229286 0.8880443 0.0001938 -0.2019086 -0.0221799 -0.0831101 0.9756196 2415034.1531531
-0.4286954 0.8853007 0.0001933 -0.1025518 0.1753344 0.8570215 0.4735558 2415034.5185185
-0.4344445 0.8825206 0.0001928 -0.1183084 -0.1651125 -0.7817547 0.5895766 2415034.8838839
-0.4401756 0.8797041 0.0001922 -0.1989967 0.0407346 0.2197345 0.9541791 2415035.2492492
-0.4458885 0.8768513 0.0001916 -0.0439139 0.1983194 0.9608824 0.1882709 2415035.6146146
-0.4515830 0.8739622 0.0001910 -0.1631982 -0.1209354 -0.5635775 0.8007006 2415035.9799800
-0.4572589 0.8710370 0.0001904 -0.1769530 0.0997328 0.5014537 0.8410025 2415036.3453453
-0.4629160 0.8680759 0.0001898 0.0189460 0.2022376 0.9723629 -0.1151147 2415036.7107107
-0.4685540 0.8650789 0.0001891 -0.1923978 -0.0651313 -0.2912173 0.9348441 2415037.0760761
-0.4741727 0.8620461 0.0001884 -0.1378968 0.1491426 0.7349624 0.6469709 2415037.4414414
-0.4797718 0.8589777 0.0001877 0.0799844 0.1867124 0.8903591 -0.4074330 2415037.8068068
-0.4853513 0.8558738 0.0001870 -0.2031000 -0.0030654 0.0091410 0.9791105 2415038.1721722
-0.4909108 0.8527345 0.0001862 -0.0855828 0.1842134 0.8978109 0.3907386 2415038.5375375
-0.4964501 0.8495599 0.0001854 -0.1333329 -0.1532363 -0.7227550 0.6605801 2415038.9029029
-0.5019691 0.8463501 0.0001846 -0.1942758 0.0592952 0.3086204 0.9292440 2415039.2682683
-0.5074674 0.8431054 0.0001838 -0.0250408 0.2015737 0.9743426 0.0969402 2415039.6336336
-0.5129448 0.8398257 0.0001829 -0.1738625 -0.1050278 -0.4856644 0.8502183 2415039.9989990
-0.5184012 0.8365112 0.0001821 -0.1667736 0.1159551 0.5784287 0.7900388 2415040.3643644
-0.5238363 0.8331620 0.0001811 0.0379086 0.1995544 0.9571999 -0.2061781 2415040.7297297
-0.5292499 0.8297784 0.0001802 -0.1976767 -0.0467217 -0.2018813 0.9581153 2415041.0950951
-0.5346418 0.8263603 0.0001793 -0.1232375 0.1614668 0.7926261 0.5748782 2415041.4604605
-0.5400117 0.8229079 0.0001783 0.0972135 0.1783495 0.8480306 -0.4894742 2415041.8258258
-0.5453595 0.8194214 0.0001773 -0.2024860 0.0160762 0.1013109 0.9738979 2415042.1911912
-0.5506848 0.8159009 0.0001762 -0.0678531 0.1914549 0.9306194 0.3044480 2415042.5565565
-0.5559875 0.8123466 0.0001752 -0.1471721 -0.1399978 -0.6573307 0.7257116 2415042.9219219
-0.5612674 0.8087585 0.0001741 -0.1878278 0.0773286 0.3947629 0.8960487 2415043.2872873
-0.5665242 0.8051368 0.0001730 -0.0059452 0.2030361 0.9791417 0.0047479 2415043.6526526
-0.5717577 0.8014816 0.0001719 -0.1829813 -0.0881865 -0.4034341 0.8921782 2415044.0180180
-0.5769678 0.7977931 0.0001708 -0.1551116 0.1311465 0.6502619 0.7320522 2415044.3833834
-0.5821540 0.7940715 0.0001696 0.0565343 0.1950971 0.9335281 -0.2954088 2415044.7487487
-0.5873164 0.7903168 0.0001684 -0.2011984 -0.0278967 -0.1107508 0.9728696 2415045.1141141
-0.5924545 0.7865292 0.0001672 -0.1074827 0.1723557 0.8432439 0.4976752 2415045.4794795
-0.5975683 0.7827089 0.0001660 -0.1135785 -0.1684012 -0.7981639 0.5671644 2415045.8448448
-0.6026574 0.7788560 0.0001648 -0.2000719 0.0350750 0.1925802 0.9600280 2415046.2102102
-0.6077217 0.7749707 0.0001636 -0.0495202 0.1969943 0.9551554 0.2154512 2415046.5755756
-0.6127609 0.7710532 0.0001624 -0.1597030 -0.1255148 -0.5860631 0.7843921 2415046.9409409
-0.6177748 0.7671035 0.0001611 -0.1797101 0.0946746 0.4773963 0.8548882 2415047.3063063
-0.6227632 0.7631219 0.0001599 0.0132033 0.2026936 0.9752369 -0.0874867 2415047.6716717
-0.6277258 0.7591084 0.0001586 -0.1904734 -0.0705612 -0.3176175 0.9262074 2415048.0370370
-0.6326625 0.7550634 0.0001574 -0.1420707 0.1451720 0.7163149 0.6675582 2415048.4024024
-0.6375730 0.7509870 0.0001561 0.0746573 0.1889055 0.9015579 -0.3820134 2415048.7677678
-0.6424571 0.7468792 0.0001549 -0.2029314 -0.0088238 -0.0186358 0.9789758 2415049.1331331
-0.6473145 0.7427404 0.0001537 -0.0907724 0.1817124 0.8863660 0.4160484 2415049.4984985
-0.6521452 0.7385707 0.0001524 -0.1289337 -0.1569558 -0.7412020 0.6398129 2415049.8638639
-0.6569487 0.7343703 0.0001512 -0.1958792 0.0537620 0.2821376 0.9376243 2415050.2292292
-0.6617250 0.7301393 0.0001500 -0.0307471 0.2007826 0.9712008 0.1245391 2415050.5945946
-0.6664737 0.7258780 0.0001488 -0.1708142 -0.1099160 -0.5095860 0.8361000 2415050.9599600
-0.6711948 0.7215866 0.0001476 -0.1699948 0.1111790 0.5557860 0.8061284 2415051.3253253
-0.6758880 0.7172653 0.0001464 0.0322344 0.2005491 0.9626631 -0.1789436 2415051.6906907
-0.6805530 0.7129142 0.0001452 -0.1962723 -0.0523087 -0.2289776 0.9520033 2415052.0560560
-0.6851898 0.7085336 0.0001441 -0.1277669 0.1579071 0.7760003 0.5971302 2415052.4214214
-0.6897980 0.7041237 0.0001430 0.0921167 0.1810346 0.8615737 -0.4652223 2415052.7867868
-0.6943776 0.6996847 0.0001419 -0.2028604 0.0103276 0.0736449 0.9763798 2415053.1521521
-0.6989283 0.6952168 0.0001408 -0.0732552 0.1894537 0.9216090 0.3307231 2415053.5175175
-0.7034499 0.6907202 0.0001397 -0.1431428 -0.1441151 -0.6776515 0.7067740 2415053.8828829
-0.7079422 0.6861952 0.0001386 -0.1899452 0.0719710 0.3691871 0.9068858 2415054.2482482
-0.7124052 0.6816419 0.0001376 -0.0117006 0.2027859 0.9786130 0.0325200 2415054.6136136
-0.7168385 0.6770605 0.0001365 -0.1804069 -0.0933401 -0.4285789 0.8803755 2415054.9789790
-0.7212421 0.6724514 0.0001355 -0.1587683 0.1266950 0.6292352 0.7502027 2415055.3443443
-0.7256157 0.6678146 0.0001345 0.0509789 0.1966219 0.9415319 -0.2688097 2415055.7097097
-0.7299593 0.6631504 0.0001335 -0.2003264 -0.0335912 -0.1383023 0.9693366 2415056.0750751
-0.7342726 0.6584591 0.0001325 -0.1123272 0.1692383 0.8287878 0.5213941 2415056.4404404
-0.7385555 0.6537408 0.0001315 -0.1087572 -0.1715543 -0.8139307 0.5442957 2415056.8058058
-0.7428078 0.6489957 0.0001305 -0.2009861 0.0293872 0.1652709 0.9651044 2415057.1711712
-0.7470294 0.6442241 0.0001296 -0.0550867 0.1955108 0.9486596 0.2424581 2415057.5365365
-0.7512201 0.6394262 0.0001286 -0.1560794 -0.1299932 -0.6080771 0.7674524 2415057.9019019
-0.7553798 0.6346021 0.0001276 -0.1823227 0.0895403 0.4529547 0.8680858 2415058.2672673
-0.7595083 0.6297522 0.0001267 0.0074499 0.2029865 0.9773261 -0.0597882 2415058.6326326
-0.7636055 0.6248765 0.0001257 -0.1883958 -0.0759344 -0.3437622 0.9168252 2415058.9979980
-0.7676712 0.6199754 0.0001247 -0.1461304 0.1410848 0.6970909 0.6876083 2415059.3633634
-0.7717053 0.6150489 0.0001238 0.0692703 0.1909467 0.9120312 -0.3562864 2415059.7287287
-0.7757077 0.6100974 0.0001228 -0.2025996 -0.0145750 -0.0463976 0.9780533 2415060.0940941
-0.7796782 0.6051210 0.0001218 -0.0958890 0.1790651 0.8742079 0.4410233 2415060.4594594
-0.7836166 0.6001200 0.0001208 -0.1244309 -0.1605490 -0.7590525 0.6185308 2415060.8248248
-0.7875229 0.5950945 0.0001198 -0.1973250 0.0481856 0.2554278 0.9452500 2415061.1901902
-0.7913968 0.5900448 0.0001188 -0.0364285 0.1998299 0.9672774 0.1520377 2415061.5555555
-0.7952383 0.5849711 0.0001178 -0.1676285 -0.1147158 -0.5330974 0.8213088 2415061.9209209
-0.7990473 0.5798735 0.0001167 -0.1730793 0.1063135 0.5326960 0.8215692 2415062.2862863
-0.8028235 0.5747523 0.0001157 0.0265342 0.2013826 0.9673516 -0.1515650 2415062.6516516
-0.8065668 0.5696078 0.0001146 -0.1947100 -0.0578536 -0.2558897 0.9451251 2415063.0170170
-0.8102772 0.5644400 0.0001135 -0.1321935 0.1542203 0.7587501 0.6189017 2415063.3823824
-0.8139544 0.5592492 0.0001124 0.0869458 0.1835741 0.8744233 -0.4405960 2415063.7477477
-0.8175984 0.5540356 0.0001113 -0.2030717 0.0045707 0.0459196 0.9780759 2415064.1131131
-0.8212091 0.5487994 0.0001101 -0.0785983 0.1873001 0.9118570 0.3567321 2415064.4784785
-0.8247861 0.5435409 0.0001090 -0.1389984 -0.1481164 -0.6974269 0.6872676 2415064.8438438
-0.8283296 0.5382602 0.0001078 -0.1919098 0.0665556 0.3433141 0.9169931 2415065.2092092
-0.8318393 0.5329576 0.0001066 -0.0174465 0.2023725 0.9772968 0.0602659 2415065.5745746
-0.8353151 0.5276332 0.0001053 -0.1776874 -0.0984186 -0.4533789 0.8678644 2415065.9399399
-0.8387568 0.5222873 0.0001041 -0.1622973 0.1221417 0.6077020 0.7677495 2415066.3053053
-0.8421644 0.5169201 0.0001028 0.0453825 0.1979885 0.9487780 -0.2419944 2415066.6706707
-0.8455377 0.5115317 0.0001015 -0.1992932 -0.0392586 -0.1657425 0.9650235 2415067.0360360
-0.8488766 0.5061225 0.0001002 -0.1170813 0.1659849 0.8136646 0.5446934 2415067.4014014
-0.8521809 0.5006925 0.0000989 -0.1038485 -0.1745695 -0.8290425 0.5209890 2415067.7667668
-0.8554506 0.4952421 0.0000976 -0.2017386 0.0236758 0.1378286 0.9694041 2415068.1321321
-0.8586855 0.4897714 0.0000962 -0.0606089 0.1938700 0.9414004 0.2692698 2415068.4974975
-0.8618854 0.4842806 0.0000948 -0.1523302 -0.1343671 -0.6296017 0.7498951 2415068.8628628
-0.8650504 0.4787700 0.0000934 -0.1847886 0.0843339 0.4281487 0.8805849 2415069.2282282
-0.8681801 0.4732398 0.0000919 0.0016906 0.2031161 0.9786288 -0.0320417 2415069.5935936
-0.8712746 0.4676902 0.0000905 -0.1861667 -0.0812464 -0.3696302 0.9067053 2415069.9589589
-0.8743337 0.4621214 0.0000890 -0.1500726 0.1368840 0.6773060 0.7071051 2415070.3243243
-0.8773572 0.4565336 0.0000875 0.0638275 0.1928343 0.9217705 -0.3302727 2415070.6896897
-0.8803451 0.4509271 0.0000860 -0.2021048 -0.0203146 -0.0741220 0.9763436 2415071.0550550
-0.8832972 0.4453020 0.0000845 -0.1009284 0.1762739 0.8613462 0.4656433 2415071.4204204
-0.8862134 0.4396586 0.0000830 -0.1198279 -0.1640131 -0.7762921 0.5967509 2415071.7857858
-0.8890936 0.4339971 0.0000814 -0.1986121 0.0425704 0.2285124 0.9521151 2415072.1511511
-0.8919377 0.4283178 0.0000799 -0.0420807 0.1987164 0.9625755 0.1794140 2415072.5165165
-0.8947455 0.4226208 0.0000783 -0.1643079 -0.1194233 -0.5561799 0.8058566 2415072.8818819
-0.8975169 0.4169064 0.0000767 -0.1760246 0.1013625 0.5091773 0.8363489 2415073.2472472
-0.9002518 0.4111748 0.0000751 0.0208126 0.2020541 0.9712616 -0.1240644 2415073.6126126
-0.9029502 0.4054262 0.0000736 -0.1929910 -0.0633520 -0.2825958 0.9374863 2415073.9779780
-0.9056118 0.3996609 0.0000720 -0.1365137 0.1504095 0.7408892 0.6401751 2415074.3433433
-0.9082365 0.3938791 0.0000704 0.0817050 0.1859659 0.8865693 -0.4156151 2415074.7087087
-0.9108243 0.3880811 0.0000688 -0.2031197 -0.0011899 0.0181574 0.9789848 2415075.0740741
-0.9133750 0.3822670 0.0000672 -0.0838782 0.1849958 0.9013711 0.3824540 2415075.4394394
-0.9158886 0.3764371 0.0000656 -0.1347421 -0.1519986 -0.7166410 0.6672081 2415075.8048048
-0.9183648 0.3705917 0.0000640 -0.1937200 0.0610866 0.3171649 0.9263625 2415076.1701702
-0.9208036 0.3647309 0.0000624 -0.0231785 0.2017964 0.9751941 0.0879633 2415076.5355355
-0.9232049 0.3588552 0.0000608 -0.1748249 -0.1034179 -0.4778140 0.8546548 2415076.9009009
-0.9255686 0.3529646 0.0000593 -0.1656958 0.1174901 0.5856797 0.7846784 2415077.2662663
-0.9278945 0.3470594 0.0000577 0.0397497 0.1991958 0.9552606 -0.2149843 2415077.6316316
-0.9301826 0.3411400 0.0000562 -0.1980997 -0.0448944 -0.1930494 0.9599338 2415077.9969970
-0.9324327 0.3352065 0.0000547 -0.1217413 0.1625979 0.7978866 0.5675544 2415078.3623623
-0.9346448 0.3292592 0.0000532 0.0988562 0.1774443 0.8434871 -0.4972631 2415078.7277277
-0.9368188 0.3232984 0.0000517 -0.2023289 0.0179453 0.1102753 0.9729236 2415079.0930931
-0.9389545 0.3173244 0.0000502 -0.0660824 0.1920733 0.9333836 0.2958649 2415079.4584584
-0.9410519 0.3113374 0.0000488 -0.1484585 -0.1386329 -0.6506196 0.7317343 2415079.8238238
-0.9431108 0.3053376 0.0000474 -0.1871058 0.0790597 0.4029980 0.8923753 2415080.1891892
-0.9451313 0.2993254 0.0000460 -0.0040702 0.2030824 0.9791439 -0.0042694 2415080.5545545
-0.9471132 0.2933010 0.0000446 -0.1837878 -0.0864931 -0.3952008 0.8958556 2415080.9199199
-0.9490565 0.2872648 0.0000432 -0.1538940 0.1325732 0.6569759 0.7260328 2415081.2852853
-0.9509611 0.2812168 0.0000419 0.0583334 0.1945668 0.9307680 -0.3039932 2415081.6506506
-0.9528269 0.2751576 0.0000405 -0.2014474 -0.0260377 -0.1017868 0.9738483 2415082.0160160
-0.9546538 0.2690872 0.0000392 -0.1058866 0.1733408 0.8477913 0.4898886 2415082.3813814
-0.9564419 0.2630061 0.0000379 -0.1151286 -0.1673452 -0.7929069 0.5744907 2415082.7467467
-0.9581911 0.2569143 0.0000367 -0.1997395 0.0369210 0.2014131 0.9582138 2415083.1121121
-0.9599013 0.2508123 0.0000354 -0.0476991 0.1974432 0.9570990 0.2066459 2415083.4774775
-0.9615724 0.2447003 0.0000342 -0.1608552 -0.1240348 -0.5788147 0.7897560 2415083.8428428
-0.9632045 0.2385786 0.0000329 -0.1788283 0.0963300 0.4852488 0.8504555 2415084.2082082
-0.9647974 0.2324474 0.0000317 0.0150743 0.2025630 0.9743899 -0.0964640 2415084.5735736
-0.9663513 0.2263069 0.0000305 -0.1911169 -0.0687994 -0.3090745 0.9290931 2415084.9389389
-0.9678659 0.2201575 0.0000293 -0.1407242 0.1464777 0.7224321 0.6609333 2415085.3043043
-0.9693414 0.2139994 0.0000281 0.0763985 0.1882081 0.8980017 -0.3902998 2415085.6696697
-0.9707776 0.2078329 0.0000269 -0.2030042 -0.0069496 -0.0096195 0.9791059 2415086.0350350
-0.9721745 0.2016582 0.0000256 -0.0890906 0.1825428 0.8901599 0.4078681 2415086.4004004
-0.9735321 0.1954755 0.0000244 -0.1303775 -0.1557585 -0.7352785 0.6466116 2415086.7657657
-0.9748504 0.1892852 0.0000232 -0.1953744 0.0555684 0.2907604 0.9349863 2415087.1311311
-0.9761294 0.1830875 0.0000220 -0.0288918 0.2010579 0.9723065 0.1155899 2415087.4964965
-0.9773690 0.1768826 0.0000208 -0.1718219 -0.1083340 -0.5018646 0.8407573 2415087.8618618
-0.9785692 0.1706708 0.0000196 -0.1689610 0.1127440 0.5631861 0.8009759 2415088.2272272
-0.9797300 0.1644523 0.0000184 0.0340848 0.2002430 0.9609743 -0.1878012 2415088.5925926
-0.9808514 0.1582273 0.0000171 -0.1967469 -0.0504941 -0.2202008 0.9540716 2415088.9579579
-0.9819333 0.1519962 0.0000159 -0.1263033 0.1590801 0.7814665 0.5899586 2415089.3233233
-0.9829757 0.1457592 0.0000146 0.0937844 0.1801763 0.8572528 -0.4731369 2415089.6886887
-0.9839787 0.1395165 0.0000134 -0.2027564 0.0122004 0.0826333 0.9756601 2415090.0540540
-0.9849421 0.1332684 0.0000121 -0.0715027 0.1901220 0.9246156 0.3222219 2415090.4194194
-0.9858661 0.1270150 0.0000108 -0.1444674 -0.1427872 -0.6711139 0.7129846 2415090.7847848
-0.9867505 0.1207567 0.0000095 -0.1892726 0.0737219 0.3775230 0.9034475 2415091.1501501
-0.9875954 0.1144937 0.0000082 -0.0098276 0.2028853 0.9788710 0.0235064 2415091.5155155
-0.9884007 0.1082262 0.0000069 -0.1812611 -0.0916702 -0.4204533 0.8842850 2415091.8808809
-0.9891665 0.1019545 0.0000055 -0.1575917 0.1281557 0.6361172 0.7443762 2415092.2462462
-0.9898927 0.0956788 0.0000041 0.0527923 0.1961428 0.9390165 -0.2774690 2415092.6116116
-0.9905793 0.0893994 0.0000027 -0.2006280 -0.0317400 -0.1293697 0.9705691 2415092.9769770
-0.9912263 0.0831165 0.0000013 -0.1107597 0.1702683 0.8335542 0.5137396 2415093.3423423
-0.9918338 0.0768303 -0.0000001 -0.1103367 -0.1705428 -0.8088837 0.5517682 2415093.7077077
-0.9924016 0.0705410 -0.0000015 -0.2007062 0.0312418 0.1741516 0.9635415 2415094.0730731
-0.9929298 0.0642490 -0.0000030 -0.0532790 0.1960111 0.9508522 0.2337115 2415094.4384384
-0.9934184 0.0579544 -0.0000044 -0.1572731 -0.1285465 -0.6009838 0.7730197 2415094.8038038
-0.9938673 0.0516576 -0.0000059 -0.1814881 0.0912200 0.4609298 0.8638777 2415095.1691692
-0.9942766 0.0453586 -0.0000074 0.0093239 0.2029090 0.9767341 -0.0687860 2415095.5345345
-0.9946463 0.0390578 -0.0000089 -0.1890890 -0.0741915 -0.3353045 0.9199521 2415095.8998999
-0.9949763 0.0327554 -0.0000105 -0.1448214 0.1424281 0.7033936 0.6811596 2415096.2652652
-0.9952667 0.0264517 -0.0000120 0.0710305 0.1902989 0.9087115 -0.3646703 2415096.6306306
-0.9955175 0.0201468 -0.0000136 -0.2027255 -0.0127036 -0.0373886 0.9784391 2415096.9959960
-0.9957286 0.0138411 -0.0000152 -0.0942314 0.1799429 0.8782323 0.4329539 2415097.3613613
-0.9959000 0.0075347 -0.0000168 -0.1259080 -0.1593932 -0.7533242 0.6254948 2415097.7267267
-0.9960318 0.0012279 -0.0000184 -0.1968717 0.0500056 0.2641219 0.9428577 2415098.0920921
-0.9961240 -0.0050791 -0.0000200 -0.0345818 0.2001577 0.9686365 0.1431235 2415098.4574574
-0.9961765 -0.0113860 -0.0000216 -0.1686806 -0.1131631 -0.5255113 0.8261833 2415098.8228228
-0.9961893 -0.0176925 -0.0000232 -0.1720903 0.1079072 0.5402393 0.8166287 2415099.1881882
-0.9961625 -0.0239986 -0.0000249 0.0283926 0.2011290 0.9659148 -0.1604670 2415099.5535535
-0.9960961 -0.0303038 -0.0000265 -0.1952359 -0.0560532 -0.2471751 0.9474415 2415099.9189189
-0.9959900 -0.0366081 -0.0000282 -0.1307638 0.1554344 0.7644175 0.6118880 2415100.2842843
-0.9958442 -0.0429110 -0.0000298 0.0886372 0.1827634 0.8703287 -0.4486300 2415100.6496496
-0.9956588 -0.0492124 -0.0000315 -0.2030209 0.0064456 0.0549249 0.9776115 2415101.0150150
-0.9954338 -0.0555121 -0.0000331 -0.0768654 0.1880179 0.9151035 0.3483196 2415101.3803804
-0.9951692 -0.0618098 -0.0000348 -0.1403601 -0.1468266 -0.6910682 0.6936611 2415101.7457457
-0.9948649 -0.0681052 -0.0000364 -0.1912871 0.0683248 0.3517443 0.9137926 2415102.1111111
-0.9945210 -0.0743982 -0.0000381 -0.0155771 0.2025250 0.9778103 0.0512633 2415102.4764765
-0.9941375 -0.0806884 -0.0000397 -0.1785886 -0.0967736 -0.4453674 0.8720028 2415102.8418418
-0.9937144 -0.0869756 -0.0000413 -0.1611626 0.1236351 0.6147465 0.7621205 2415103.2072072
-0.9932517 -0.0932596 -0.0000429 0.0472088 0.1975610 0.9465092 -0.2507216 2415103.5725726
-0.9927494 -0.0995401 -0.0000445 -0.1996472 -0.0374167 -0.1568485 0.9665089 2415103.9379379
-0.9922076 -0.1058168 -0.0000461 -0.1155437 0.1670589 0.8186462 0.5371772 2415104.3033033
-0.9916262 -0.1120896 -0.0000477 -0.1054560 -0.1736031 -0.8242095 0.5286017 2415104.6686686
-0.9910052 -0.1183581 -0.0000493 -0.2015114 0.0255376 0.1467501 0.9680937 2415105.0340340
-0.9903448 -0.1246221 -0.0000508 -0.0588162 0.1944214 0.9438402 0.2605890 2415105.3993994
-0.9896448 -0.1308813 -0.0000523 -0.1535645 -0.1329548 -0.6226691 0.7556614 2415105.7647647
-0.9889054 -0.1371355 -0.0000538 -0.1840019 0.0860366 0.4362399 0.8766047 2415106.1301301
-0.9881265 -0.1433844 -0.0000553 0.0035660 0.2030918 0.9782922 -0.0410526 2415106.4954955
-0.9873082 -0.1496278 -0.0000568 -0.1869090 -0.0795239 -0.3612646 0.9100708 2415106.8608608
-0.9864505 -0.1558653 -0.0000582 -0.1488022 0.1382639 0.6837891 0.7008377 2415107.2262262
-0.9855535 -0.1620968 -0.0000596 0.0656054 0.1922367 0.9186899 -0.3387474 2415107.5915916
-0.9846171 -0.1683218 -0.0000610 -0.2022837 -0.0184475 -0.0651276 0.9769848 2415107.9569569
-0.9836414 -0.1745403 -0.0000623 -0.0992964 0.1771983 0.8655978 0.4576913 2415108.3223223
-0.9826266 -0.1807519 -0.0000637 -0.1213373 -0.1628996 -0.7707636 0.6038745 2415108.6876877
-0.9815725 -0.1869563 -0.0000650 -0.1982106 0.0444025 0.2372708 0.9499703 2415109.0530530
-0.9804794 -0.1931532 -0.0000662 -0.0402440 0.1990965 0.9641869 0.1705419 2415109.4184184
-0.9793472 -0.1993425 -0.0000675 -0.1654036 -0.1179010 -0.5487351 0.8109444 2415109.7837838
-0.9781760 -0.2055238 -0.0000687 -0.1750811 0.1029836 0.5168577 0.8316244 2415110.1491491
-0.9769659 -0.2116969 -0.0000700 0.0226775 0.2018533 0.9700778 -0.1330036 2415110.5145145
-0.9757169 -0.2178615 -0.0000712 -0.1935678 -0.0615673 -0.2739504 0.9400490 2415110.8798799
-0.9744291 -0.2240173 -0.0000723 -0.1351190 0.1516636 0.7467533 0.6333250 2415111.2452452
-0.9731027 -0.2301641 -0.0000735 0.0834187 0.1852035 0.8827042 -0.4237620 2415111.6106106
-0.9717376 -0.2363017 -0.0000747 -0.2031220 0.0006857 0.0271722 0.9787761 2415111.9759760
-0.9703340 -0.2424298 -0.0000758 -0.0821664 0.1857625 0.9048550 0.3741369 2415112.3413413
-0.9688919 -0.2485481 -0.0000769 -0.1361399 -0.1507479 -0.7104663 0.6737794 2415112.7067067
-0.9674115 -0.2546563 -0.0000781 -0.1931477 0.0628727 0.3256824 0.9234024 2415113.0720721
-0.9658928 -0.2607544 -0.0000792 -0.0213141 0.2020018 0.9759628 0.0789789 2415113.4374374
-0.9643360 -0.2668419 -0.0000803 -0.1757724 -0.1017992 -0.4699231 0.8590188 2415113.8028028
-0.9627410 -0.2729187 -0.0000814 -0.1646039 0.1190151 0.5928811 0.7792516 2415114.1681681
-0.9611081 -0.2789845 -0.0000825 0.0415873 0.1988203 0.9532402 -0.2237723 2415114.5335335
-0.9594373 -0.2850390 -0.0000836 -0.1985058 -0.0430633 -0.1842010 0.9616709 2415114.8988989
-0.9577286 -0.2910822 -0.0000847 -0.1202347 0.1637151 0.8030794 0.5601825 2415115.2642642
-0.9559823 -0.2971136 -0.0000859 -0.1004905 -0.1765239 -0.8388719 0.5050098 2415115.6296296
-0.9541983 -0.3031332 -0.0000870 -0.2021546 0.0198128 0.1192304 0.9718668 2415115.9949950
-0.9523768 -0.3091406 -0.0000881 -0.0643060 0.1926753 0.9360687 0.2872567 2415116.3603603
-0.9505180 -0.3151357 -0.0000892 -0.1497323 -0.1372561 -0.6438534 0.7376949 2415116.7257257
-0.9486218 -0.3211181 -0.0000904 -0.1863678 0.0807840 0.4111989 0.8886262 2415117.0910911
-0.9466884 -0.3270878 -0.0000915 -0.0021948 0.2031113 0.9790631 -0.0132862 2415117.4564564
-0.9447179 -0.3330444 -0.0000927 -0.1845786 -0.0847924 -0.3869340 0.8994571 2415117.8218218
-0.9427103 -0.3389878 -0.0000939 -0.1526633 0.1339885 0.6636342 0.7199518 2415118.1871872
-0.9406659 -0.3449177 -0.0000950 0.0601275 0.1940199 0.9279291 -0.3125519 2415118.5525525
-0.9385847 -0.3508339 -0.0000962 -0.2016792 -0.0241765 -0.0928142 0.9747443 2415118.9179179
-0.9364667 -0.3567362 -0.0000974 -0.1042815 0.1743112 0.8522668 0.4820604 2415119.2832833
-0.9343122 -0.3626243 -0.0000987 -0.1166689 -0.1662750 -0.7875827 0.5817683 2415119.6486486
-0.9321212 -0.3684982 -0.0000999 -0.1993900 0.0387637 0.2102288 0.9563184 2415120.0140140
-0.9298937 -0.3743575 -0.0001011 -0.0458739 0.1978752 0.9589614 0.1978231 2415120.3793794
-0.9276300 -0.3802020 -0.0001024 -0.1619936 -0.1225442 -0.5715172 0.7950529 2415120.7447447
-0.9253301 -0.3860316 -0.0001037 -0.1779311 0.0979772 0.4930602 0.8459507 2415121.1101101
-0.9229942 -0.3918460 -0.0001049 0.0169441 0.2024152 0.9734602 -0.1054332 2415121.4754755
-0.9206222 -0.3976450 -0.0001062 -0.1917440 -0.0670318 -0.3005053 0.9319000 2415121.8408408
-0.9182144 -0.4034283 -0.0001075 -0.1393656 0.1477709 0.7284881 0.6542523 2415122.2062062
-0.9157709 -0.4091959 -0.0001089 0.0781331 0.1874946 0.8943693 -0.3985530 2415122.5715716
-0.9132917 -0.4149475 -0.0001102 -0.2030597 -0.0050748 -0.0006024 0.9791530 2415122.9369369
-0.9107769 -0.4206829 -0.0001116 -0.0874013 0.1833577 0.8938782 0.3996532 2415123.3023023
-0.9082267 -0.4264018 -0.0001129 -0.1318102 -0.1545480 -0.7292926 0.6533555 2415123.6676676
-0.9056412 -0.4321042 -0.0001143 -0.1948530 0.0573701 0.2993584 0.9322690 2415124.0330330
-0.9030205 -0.4377897 -0.0001157 -0.0270340 0.2013161 0.9733298 0.1066309 2415124.3983984
-0.9003647 -0.4434581 -0.0001171 -0.1728149 -0.1067429 -0.4941007 0.8453434 2415124.7637637
-0.8976738 -0.4491094 -0.0001185 -0.1679127 0.1142993 0.5705385 0.7957555 2415125.1291291
-0.8949481 -0.4547432 -0.0001199 0.0359324 0.1999197 0.9592041 -0.1966430 2415125.4944945
-0.8921876 -0.4603594 -0.0001213 -0.1972048 -0.0486753 -0.2114053 0.9560590 2415125.8598598
-0.8893924 -0.4659577 -0.0001227 -0.1248290 0.1602396 0.7868663 0.5827370 2415126.2252252
-0.8865626 -0.4715381 -0.0001241 0.0954441 0.1793026 0.8528593 -0.4810114 2415126.5905906
-0.8836984 -0.4771001 -0.0001255 -0.2026351 0.0140721 0.0916148 0.9748578 2415126.9559559
-0.8807998 -0.4826438 -0.0001270 -0.0697441 0.1907742 0.9275438 0.3136934 2415127.3213213
-0.8778670 -0.4881688 -0.0001284 -0.1457797 -0.1414471 -0.6645195 0.7191347 2415127.6866867
-0.8749001 -0.4936750 -0.0001298 -0.1885837 0.0754665 0.3858270 0.8999325 2415128.0520520
-0.8718992 -0.4991622 -0.0001312 -0.0079538 0.2029674 0.9790460 0.0144909 2415128.4174174
-0.8688643 -0.5046301 -0.0001326 -0.1820998 -0.0899926 -0.4122920 0.8881195 2415128.7827828
-0.8657957 -0.5100786 -0.0001340 -0.1564016 0.1296054 0.6429453 0.7384866 2415129.1481481
-0.8626934 -0.5155074 -0.0001354 0.0546012 0.1956469 0.9364214 -0.2861048 2415129.5135135
-0.8595575 -0.5209164 -0.0001368 -0.2009125 -0.0298861 -0.1204261 0.9717194 2415129.8788789
-0.8563881 -0.5263054 -0.0001382 -0.1091827 0.1712838 0.8382499 0.5060415 2415130.2442442
-0.8531855 -0.5316741 -0.0001395 -0.1119067 -0.1695167 -0.8037681 0.5591939 2415130.6096096
-0.8499496 -0.5370223 -0.0001409 -0.2004091 0.0330938 0.1830176 0.9618968 2415130.9749750
-0.8466805 -0.5423499 -0.0001422 -0.0514668 0.1964947 0.9529642 0.2249450 2415131.3403403
-0.8433785 -0.5476567 -0.0001435 -0.1584533 -0.1270888 -0.5938394 0.7785215 2415131.7057057
-0.8400437 -0.5529423 -0.0001448 -0.1806380 0.0928919 0.4688658 0.8595963 2415132.0710711
-0.8366760 -0.5582067 -0.0001461 0.0111972 0.2028143 0.9760592 -0.0777780 2415132.4364364
-0.8332758 -0.5634496 -0.0001473 -0.1897660 -0.0724423 -0.3268183 0.9230010 2415132.8018018
-0.8298430 -0.5686708 -0.0001485 -0.1435001 0.1437593 0.7096367 0.6746531 2415133.1671671
-0.8263779 -0.5738701 -0.0001497 0.0727846 0.1896349 0.9053146 -0.3730233 2415133.5325325
-0.8228805 -0.5790473 -0.0001509 -0.2028342 -0.0108312 -0.0283765 0.9787419 2415133.8978979
-0.8193510 -0.5842022 -0.0001520 -0.0925658 0.1808054 0.8821821 0.4248478 2415134.2632632
-0.8157896 -0.5893345 -0.0001531 -0.1273745 -0.1582238 -0.7475320 0.6324057 2415134.6286286
-0.8121962 -0.5944440 -0.0001542 -0.1964015 0.0518213 0.2727936 0.9403854 2415134.9939940
-0.8085712 -0.5995306 -0.0001553 -0.0327321 0.2004685 0.9699135 0.1341971 2415135.3593593
-0.8049147 -0.6045941 -0.0001563 -0.1697183 -0.1116007 -0.5178806 0.8309878 2415135.7247247
-0.8012267 -0.6096341 -0.0001573 -0.1710865 0.1094916 0.5477368 0.8116190 2415136.0900901
-0.7975074 -0.6146505 -0.0001583 0.0302485 0.2008583 0.9643960 -0.1693554 2415136.4554554
-0.7937571 -0.6196431 -0.0001592 -0.1957451 -0.0542481 -0.2384395 0.9496776 2415136.8208208
-0.7899758 -0.6246117 -0.0001601 -0.1293230 0.1566352 0.7700200 0.6048224 2415137.1861862
-0.7861637 -0.6295561 -0.0001610 0.0903210 0.1819371 0.8661603 -0.4566259 2415137.5515515
-0.7823209 -0.6344760 -0.0001619 -0.2029527 0.0083200 0.0639255 0.9770642 2415137.9169169
-0.7784478 -0.6393713 -0.0001627 -0.0751260 0.1887196 0.9182724 0.3398775 2415138.2822823
-0.7745443 -0.6442418 -0.0001636 -0.1417099 -0.1455243 -0.6846509 0.6999958 2415138.6476476
-0.7706107 -0.6490872 -0.0001644 -0.1906480 0.0700882 0.3601446 0.9105146 2415139.0130130
-0.7666472 -0.6539074 -0.0001652 -0.0137064 0.2026602 0.9782410 0.0422563 2415139.3783784
-0.7626539 -0.6587021 -0.0001659 -0.1794746 -0.0951205 -0.4373182 0.8760672 2415139.7437437
-0.7586311 -0.6634712 -0.0001667 -0.1600141 0.1251180 0.6217389 0.7564270 2415140.1091091
-0.7545789 -0.6682145 -0.0001674 0.0490310 0.1971167 0.9441601 -0.2594274 2415140.4744745
-0.7504974 -0.6729319 -0.0001682 -0.1999842 -0.0355716 -0.1479411 0.9679124 2415140.8398398
-0.7463869 -0.6776230 -0.0001689 -0.1139961 0.1681187 0.8235584 0.5296154 2415141.2052052
-0.7422476 -0.6822878 -0.0001697 -0.1070545 -0.1726220 -0.8193065 0.5361695 2415141.5705706
-0.7380797 -0.6869261 -0.0001704 -0.2012670 0.0273972 0.1556592 0.9667012 2415141.9359359
-0.7338832 -0.6915377 -0.0001711 -0.0570184 0.1949562 0.9462000 0.2518860 2415142.3013013
-0.7296585 -0.6961224 -0.0001718 -0.1547856 -0.1315311 -0.6156838 0.7613636 2415142.6666666
-0.7254057 -0.7006801 -0.0001725 -0.1831997 0.0877320 0.4442942 0.8725501 2415143.0320320
-0.7211250 -0.7052106 -0.0001733 0.0054412 0.2030503 0.9778727 -0.0500601 2415143.3973974
-0.7168166 -0.7097137 -0.0001740 -0.1876353 -0.0777946 -0.3528683 0.9133591 2415143.7627627
-0.7124807 -0.7141894 -0.0001747 -0.1475192 0.1396320 0.6902142 0.6945109 2415144.1281281
-0.7081175 -0.7186373 -0.0001755 0.0673776 0.1916227 0.9155314 -0.3471934 2415144.4934935
-0.7037271 -0.7230574 -0.0001762 -0.2024454 -0.0165789 -0.0561277 0.9775432 2415144.8588588
-0.6993097 -0.7274496 -0.0001770 -0.0976559 0.1781076 0.8697761 0.4497005 2415145.2242242
-0.6948656 -0.7318136 -0.0001777 -0.1228363 -0.1617722 -0.7651698 0.6109470 2415145.5895896
-0.6903950 -0.7361493 -0.0001785 -0.1977921 0.0462309 0.2460091 0.9477449 2415145.9549549
-0.6858979 -0.7404566 -0.0001793 -0.0384039 0.1994597 0.9657166 0.1616554 2415146.3203203
-0.6813746 -0.7447353 -0.0001801 -0.1664853 -0.1163687 -0.5412437 0.8159634 2415146.6856857
-0.6768254 -0.7489853 -0.0001809 -0.1741227 0.1045959 0.5244943 0.8268293 2415147.0510510
-0.6722503 -0.7532065 -0.0001817 0.0245404 0.2016353 0.9688119 -0.1419316 2415147.4164164
-0.6676496 -0.7573986 -0.0001825 -0.1941280 -0.0597773 -0.2652818 0.9425320 2415147.7817818
-0.6630234 -0.7615616 -0.0001834 -0.1337129 0.1529048 0.7525540 0.6264212 2415148.1471471
-0.6583720 -0.7656953 -0.0001842 0.0851253 0.1844253 0.8787643 -0.4318730 2415148.5125125
-0.6536955 -0.7697996 -0.0001851 -0.2031070 0.0025613 0.0361847 0.9784844 2415148.8778779
-0.6489942 -0.7738743 -0.0001859 -0.0804476 0.1865133 0.9082621 0.3657882 2415149.2432432
-0.6442682 -0.7779194 -0.0001868 -0.1375261 -0.1494844 -0.7042312 0.6802936 2415149.6086086
-0.6395176 -0.7819346 -0.0001877 -0.1925589 0.0646535 0.3341723 0.9203640 2415149.9739740
-0.6347428 -0.7859199 -0.0001886 -0.0194480 0.2021900 0.9766487 0.0699878 2415150.3393393
-0.6299438 -0.7898751 -0.0001895 -0.1767049 -0.1001718 -0.4619924 0.8633099 2415150.7047047
-0.6251209 -0.7938000 -0.0001904 -0.1634979 0.1205299 0.6000322 0.7737586 2415151.0700701
-0.6202743 -0.7976947 -0.0001913 0.0434214 0.1984278 0.9511391 -0.2325413 2415151.4354354
-0.6154041 -0.8015588 -0.0001923 -0.1988950 -0.0412285 -0.1753371 0.9633265 2415151.8008008
-0.6105105 -0.8053924 -0.0001932 -0.1187179 0.1648183 0.8082042 0.5527631 2415152.1661662
-0.6055938 -0.8091952 -0.0001941 -0.1021162 -0.1755884 -0.8341857 0.5127136 2415152.5315315
-0.6006540 -0.8129673 -0.0001951 -0.2019630 0.0216786 0.1281754 0.9707276 2415152.8968969
-0.5956915 -0.8167083 -0.0001960 -0.0625241 0.1932608 0.9386744 0.2786242 2415153.2622622
-0.5907063 -0.8204183 -0.0001970 -0.1509933 -0.1358677 -0.6370326 0.7435929 2415153.6276276
-0.5856986 -0.8240970 -0.0001979 -0.1856139 0.0825015 0.4193649 0.8848017 2415153.9929930
-0.5806687 -0.8277444 -0.0001989 -0.0003192 0.2031229 0.9788992 -0.0223020 2415154.3583583
-0.5756168 -0.8313604 -0.0001998 -0.1853537 -0.0830844 -0.3786344 0.9029823 2415154.7237237
-0.5705429 -0.8349448 -0.0002008 -0.1514196 0.1353925 0.6702362 0.7138098 2415155.0890891
-0.5654473 -0.8384975 -0.0002017 0.0619164 0.1934564 0.9250114 -0.3210840 2415155.4544544
-0.5603302 -0.8420184 -0.0002027 -0.2018939 -0.0223132 -0.0838338 0.9755577 2415155.8198198
-0.5551918 -0.8455073 -0.0002036 -0.1026675 0.1752667 0.8566700 0.4741913 2415156.1851852
-0.5500322 -0.8489642 -0.0002045 -0.1181993 -0.1651906 -0.7821918 0.5889966 2415156.5505505
-0.5448516 -0.8523889 -0.0002054 -0.1990236 0.0406032 0.2190267 0.9543418 2415156.9159159
-0.5396503 -0.8557814 -0.0002063 -0.0440448 0.1982904 0.9607425 0.1889835 2415157.2812813
-0.5344283 -0.8591414 -0.0002071 -0.1631183 -0.1210431 -0.5641712 0.8002823 2415157.6466466
-0.5291859 -0.8624688 -0.0002080 -0.1770189 0.0996160 0.5008297 0.8413742 2415158.0120120
-0.5239233 -0.8657636 -0.0002088 0.0188125 0.2022501 0.9724480 -0.1143935 2415158.3773774
-0.5186406 -0.8690256 -0.0002096 -0.1923548 -0.0652584 -0.2919106 0.9346278 2415158.7427427
-0.5133381 -0.8722547 -0.0002104 -0.1379952 0.1490515 0.7344823 0.6475158 2415159.1081081
-0.5080159 -0.8754508 -0.0002112 0.0798611 0.1867652 0.8906611 -0.4067725 2415159.4734735
-0.5026742 -0.8786137 -0.0002119 -0.2030980 -0.0031995 0.0084148 0.9791170 2415159.8388388
-0.4973132 -0.8817433 -0.0002126 -0.0857045 0.1841569 0.8975208 0.3914044 2415160.2042042
-0.4919331 -0.8848395 -0.0002133 -0.1332317 -0.1533243 -0.7232448 0.6600439 2415160.5695696
-0.4865341 -0.8879022 -0.0002140 -0.1943149 0.0591669 0.3079311 0.9294727 2415160.9349349
-0.4811164 -0.8909312 -0.0002146 -0.0251739 0.2015572 0.9742705 0.0976629 2415161.3003003
-0.4756801 -0.8939264 -0.0002152 -0.1737931 -0.1051426 -0.4862949 0.8498578 2415161.6656657
-0.4702256 -0.8968877 -0.0002158 -0.1668501 0.1158449 0.5778426 0.7904676 2415162.0310310
-0.4647529 -0.8998150 -0.0002163 0.0377769 0.1995794 0.9573525 -0.2054681 2415162.3963964
-0.4592624 -0.9027081 -0.0002168 -0.1976459 -0.0468522 -0.2025919 0.9579653 2415162.7617617
-0.4537541 -0.9055669 -0.0002173 -0.1233441 0.1613854 0.7921995 0.5754659 2415163.1271271
-0.4482284 -0.9083914 -0.0002178 0.0970957 0.1784137 0.8483935 -0.4888451 2415163.4924925
-0.4426854 -0.9111812 -0.0002182 -0.2024965 0.0159425 0.1005885 0.9739728 2415163.8578578
-0.4371253 -0.9139365 -0.0002186 -0.0679795 0.1914100 0.9303933 0.3051382 2415164.2232232
-0.4315483 -0.9166569 -0.0002189 -0.1470796 -0.1400950 -0.6578688 0.7252239 2415164.5885886
-0.4259548 -0.9193425 -0.0002193 -0.1878789 0.0772046 0.3940982 0.8963412 2415164.9539539
-0.4203449 -0.9219930 -0.0002196 -0.0060793 0.2030322 0.9791379 0.0054741 2415165.3193193
-0.4147188 -0.9246085 -0.0002199 -0.1829230 -0.0883073 -0.4040957 0.8918787 2415165.6846847
-0.4090767 -0.9271887 -0.0002201 -0.1551982 0.1310440 0.6497188 0.7325343 2415166.0500500
-0.4034189 -0.9297335 -0.0002204 0.0564054 0.1951344 0.9337469 -0.2947163 2415166.4154154
-0.3977457 -0.9322429 -0.0002206 -0.2011799 -0.0280296 -0.1114724 0.9727872 2415166.7807808
-0.3920572 -0.9347168 -0.0002208 -0.1075965 0.1722847 0.8428746 0.4983005 2415167.1461461
-0.3863537 -0.9371550 -0.0002210 -0.1134672 -0.1684761 -0.7985843 0.5665722 2415167.5115115
-0.3806355 -0.9395575 -0.0002212 -0.2000950 0.0349429 0.1918681 0.9601706 2415167.8768769
-0.3749027 -0.9419241 -0.0002214 -0.0496503 0.1969616 0.9549953 0.2161595 2415168.2422422
-0.3691556 -0.9442548 -0.0002215 -0.1596201 -0.1256202 -0.5866448 0.7839572 2415168.6076076
-0.3633944 -0.9465495 -0.0002217 -0.1797726 0.0945559 0.4767621 0.8552420 2415168.9729730
-0.3576195 -0.9488081 -0.0002218 0.0130694 0.2027023 0.9753015 -0.0867633 2415169.3383383
-0.3518309 -0.9510306 -0.0002220 -0.1904268 -0.0706870 -0.3183044 0.9259715 2415169.7037037
-0.3460291 -0.9532167 -0.0002221 -0.1421666 0.1450782 0.7158195 0.6680893 2415170.0690691
-0.3402141 -0.9553666 -0.0002223 0.0745326 0.1889548 0.9018410 -0.3813446 2415170.4344344
-0.3343864 -0.9574800 -0.0002224 -0.2029255 -0.0089578 -0.0193619 0.9789617 2415170.7997998
-0.3285460 -0.9595570 -0.0002225 -0.0908924 0.1816524 0.8860572 0.4167057 2415171.1651652
-0.3226932 -0.9615974 -0.0002227 -0.1288301 -0.1570409 -0.7416764 0.6392630 2415171.5305305
-0.3168283 -0.9636013 -0.0002228 -0.1959147 0.0536326 0.2814421 0.9378333 2415171.8958959
-0.3109515 -0.9655685 -0.0002230 -0.0308796 0.2007622 0.9711082 0.1252594 2415172.2612613
-0.3050630 -0.9674989 -0.0002232 -0.1707416 -0.1100288 -0.5102060 0.8357218 2415172.6266266
-0.2991632 -0.9693926 -0.0002233 -0.1700682 0.1110667 0.5551879 0.8065404 2415172.9919920
-0.2932521 -0.9712495 -0.0002235 0.0321019 0.2005704 0.9627955 -0.1782295 2415173.3573573
-0.2873302 -0.9730695 -0.0002237 -0.1962377 -0.0524383 -0.2296837 0.9518332 2415173.7227227
-0.2813975 -0.9748526 -0.0002239 -0.1278711 0.1578227 0.7755572 0.5977056 2415174.0880881
-0.2754543 -0.9765986 -0.0002241 0.0919972 0.1810954 0.8619185 -0.4645831 2415174.4534534
-0.2695009 -0.9783077 -0.0002243 -0.2028672 0.0101937 0.0729207 0.9764341 2415174.8188188
-0.2635375 -0.9799797 -0.0002245 -0.0733802 0.1894053 0.9213635 0.3314066 2415175.1841842
-0.2575643 -0.9816145 -0.0002248 -0.1430476 -0.1442096 -0.6781755 0.7062712 2415175.5495495
-0.2515815 -0.9832122 -0.0002250 -0.1899927 0.0718456 0.3685143 0.9071594 2415175.9149149
-0.2455895 -0.9847728 -0.0002253 -0.0118345 0.2027781 0.9785886 0.0332458 2415176.2802803
-0.2395883 -0.9862960 -0.0002255 -0.1803452 -0.0934592 -0.4292318 0.8800574 2415176.6456456
-0.2335783 -0.9877820 -0.0002258 -0.1588520 0.1265902 0.6286785 0.7506692 2415177.0110110
-0.2275597 -0.9892307 -0.0002261 0.0508491 0.1966555 0.9417310 -0.2681113 2415177.3763764
-0.2215327 -0.9906420 -0.0002264 -0.2003041 -0.0337234 -0.1390212 0.9692338 2415177.7417417
-0.2154976 -0.9920160 -0.0002267 -0.1124389 0.1691641 0.8284008 0.5220087 2415178.1071071
-0.2094544 -0.9933525 -0.0002270 -0.1086439 -0.1716261 -0.8143342 0.5436919 2415178.4724725
-0.2034036 -0.9946516 -0.0002273 -0.2010054 0.0292545 0.1645550 0.9652267 2415178.8378378
-0.1973453 -0.9959133 -0.0002276 -0.0552158 0.1954744 0.9484795 0.2431616 2415179.2032032
-0.1912797 -0.9971374 -0.0002279 -0.1559935 -0.1300963 -0.6086462 0.7670012 2415179.5685686
-0.1852071 -0.9983240 -0.0002283 -0.1823817 0.0894199 0.4523107 0.8684215 2415179.9339339
-0.1791276 -0.9994730 -0.0002286 0.0073159 0.2029914 0.9773702 -0.0590633 2415180.2992993
-0.1730416 -1.0005845 -0.0002289 -0.1883456 -0.0760587 -0.3444421 0.9165700 2415180.6646647
-0.1669492 -1.0016584 -0.0002293 -0.1462236 0.1409883 0.6965807 0.6881252 2415181.0300300
-0.1608506 -1.0026946 -0.0002296 0.0691442 0.1909924 0.9122952 -0.3556099 2415181.3953954
-0.1547461 -1.0036932 -0.0002299 -0.2025899 -0.0147088 -0.0471230 0.9780186 2415181.7607608
-0.1486358 -1.0046541 -0.0002303 -0.0960072 0.1790018 0.8738805 0.4416716 2415182.1261261
-0.1425201 -1.0055774 -0.0002306 -0.1243248 -0.1606311 -0.7595110 0.6179676 2415182.4914915
-0.1363990 -1.0064629 -0.0002309 -0.1973568 0.0480553 0.2547266 0.9454392 2415182.8568569
-0.1302729 -1.0073106 -0.0002312 -0.0365605 0.1998058 0.9671643 0.1527551 2415183.2222222
-0.1241419 -1.0081207 -0.0002315 -0.1675527 -0.1148265 -0.5337065 0.8209132 2415183.5875876
-0.1180063 -1.0088929 -0.0002318 -0.1731495 0.1061992 0.5320865 0.8219641 2415183.9529529
-0.1118663 -1.0096274 -0.0002320 0.0264012 0.2014001 0.9674637 -0.1508474 2415184.3183183
-0.1057220 -1.0103240 -0.0002323 -0.1946717 -0.0579822 -0.2565906 0.9449350 2415184.6836837
-0.0995737 -1.0109827 -0.0002325 -0.1322953 0.1541330 0.7582908 0.6194643 2415185.0490490
-0.0934216 -1.0116037 -0.0002327 0.0868246 0.1836314 0.8747499 -0.4399473 2415185.4144144
-0.0872659 -1.0121867 -0.0002329 -0.2030747 0.0044366 0.0451941 0.9781096 2415185.7797798
-0.0811068 -1.0127318 -0.0002331 -0.0787219 0.1872482 0.9115922 0.3574083 2415186.1451451
-0.0749446 -1.0132389 -0.0002333 -0.1389005 -0.1482081 -0.6979364 0.6867501 2415186.5105105
-0.0687795 -1.0137081 -0.0002334 -0.1919537 0.0664288 0.3426339 0.9172475 2415186.8758759
-0.0626116 -1.0141393 -0.0002335 -0.0175802 0.2023609 0.9772518 0.0609907 2415187.2412412
-0.0564411 -1.0145325 -0.0002335 -0.1776223 -0.0985359 -0.4540225 0.8675278 2415187.6066066
-0.0502684 -1.0148877 -0.0002336 -0.1623780 0.1220345 0.6071324 0.7682000 2415187.9719720
-0.0440936 -1.0152047 -0.0002336 0.0452518 0.1980184 0.9489572 -0.2412906 2415188.3373373
-0.0379170 -1.0154837 -0.0002336 -0.1992672 -0.0393902 -0.1664582 0.9649003 2415188.7027027
-0.0317387 -1.0157246 -0.0002335 -0.1171909 0.1659075 0.8132603 0.5452968 2415189.0680681
-0.0255590 -1.0159273 -0.0002334 -0.1037332 -0.1746380 -0.8294287 0.5203740 2415189.4334334
-0.0193781 -1.0160919 -0.0002333 -0.2017542 0.0235426 0.1371095 0.9695060 2415189.7987988
-0.0131962 -1.0162182 -0.0002332 -0.0607369 0.1938299 0.9412004 0.2699680 2415190.1641642
-0.0070136 -1.0163063 -0.0002330 -0.1522415 -0.1344677 -0.6301577 0.7494279 2415190.5295295
-0.0008305 -1.0163562 -0.0002328 -0.1848442 0.0842119 0.4274954 0.8809022 2415190.8948949
0.0053529 -1.0163679 -0.0002326 0.0015564 0.2031172 0.9786523 -0.0313158 2415191.2602603
0.0115363 -1.0163412 -0.0002323 -0.1861130 -0.0813693 -0.3703026 0.9064309 2415191.6256256
0.0177195 -1.0162763 -0.0002320 -0.1501629 0.1367849 0.6767813 0.7076073 2415191.9909910
0.0239022 -1.0161730 -0.0002317 0.0637001 0.1928764 0.9220152 -0.3295889 2415192.3563564
0.0300843 -1.0160315 -0.0002314 -0.2020913 -0.0204480 -0.0748462 0.9762884 2415192.7217217
0.0362654 -1.0158516 -0.0002310 -0.1010447 0.1762072 0.8610006 0.4662821 2415193.0870871
0.0424454 -1.0156333 -0.0002307 -0.1197196 -0.1640921 -0.7767345 0.5961749 2415193.4524524
0.0486239 -1.0153767 -0.0002303 -0.1986402 0.0424392 0.2278061 0.9522843 2415193.8178178
0.0548008 -1.0150817 -0.0002298 -0.0422119 0.1986886 0.9624422 0.1801279 2415194.1831832
0.0609757 -1.0147484 -0.0002294 -0.1642290 -0.1195318 -0.5567774 0.8054439 2415194.5485485
0.0671485 -1.0143768 -0.0002289 -0.1760915 0.1012463 0.5085568 0.8367263 2415194.9139139
0.0733189 -1.0139668 -0.0002285 0.0206792 0.2020678 0.9713533 -0.1233440 2415195.2792793
0.0794866 -1.0135185 -0.0002280 -0.1929492 -0.0634794 -0.2832911 0.9372764 2415195.6446446
0.0856514 -1.0130318 -0.0002275 -0.1366130 0.1503193 0.7404142 0.6407244 2415196.0100100
0.0918131 -1.0125069 -0.0002270 0.0815822 0.1860198 0.8868773 -0.4149574 2415196.3753754
0.0979713 -1.0119437 -0.0002265 -0.2031188 -0.0013240 0.0174312 0.9789980 2415196.7407407
0.1041259 -1.0113422 -0.0002260 -0.0840003 0.1849404 0.9010872 0.3831224 2415197.1061061
0.1102765 -1.0107025 -0.0002255 -0.1346417 -0.1520875 -0.7171357 0.6666763 2415197.4714715
0.1164230 -1.0100245 -0.0002250 -0.1937603 0.0609586 0.3164777 0.9265975 2415197.8368368
0.1225650 -1.0093084 -0.0002245 -0.0233117 0.2017810 0.9751285 0.0886866 2415198.2022022
0.1287024 -1.0085542 -0.0002240 -0.1747566 -0.1035333 -0.4784478 0.8543001 2415198.5675676
0.1348349 -1.0077618 -0.0002235 -0.1657733 0.1173806 0.5850976 0.7851126 2415198.9329329
0.1409623 -1.0069314 -0.0002230 0.0396181 0.1992220 0.9554197 -0.2142757 2415199.2982983
0.1470842 -1.0060629 -0.0002225 -0.1980701 -0.0450252 -0.1937613 0.9597904 2415199.6636637
0.1532005 -1.0051565 -0.0002221 -0.1218486 0.1625175 0.7974654 0.5681460 2415200.0290290
0.1593109 -1.0042121 -0.0002216 0.0987390 0.1775095 0.8438557 -0.4966373 2415200.3943944
0.1654152 -1.0032298 -0.0002211 -0.2023407 0.0178117 0.1095537 0.9730051 2415200.7597598
0.1715131 -1.0022097 -0.0002207 -0.0662092 0.1920296 0.9331639 0.2965572 2415201.1251251
0.1776044 -1.0011518 -0.0002202 -0.1483670 -0.1387309 -0.6511622 0.7312515 2415201.4904905
0.1836888 -1.0000562 -0.0002198 -0.1871580 0.0789361 0.4023360 0.8926739 2415201.8558559
0.1897662 -0.9989228 -0.0002194 -0.0042043 0.2030796 0.9791468 -0.0035431 2415202.2212212
0.1958363 -0.9977519 -0.0002189 -0.1837307 -0.0866144 -0.3958651 0.8955623 2415202.5865866
0.2018988 -0.9965434 -0.0002185 -0.1539815 0.1324715 0.6564372 0.7265199 2415202.9519520
0.2079536 -0.9952974 -0.0002181 0.0582049 0.1946053 0.9309932 -0.3033027 2415203.3173173
0.2140003 -0.9940139 -0.0002177 -0.2014302 -0.0261707 -0.1025091 0.9737725 2415203.6826827
0.2200388 -0.9926931 -0.0002174 -0.1060010 0.1732709 0.8474277 0.4905173 2415204.0480480
0.2260688 -0.9913349 -0.0002170 -0.1150181 -0.1674212 -0.7933328 0.5739025 2415204.4134134
0.2320902 -0.9899395 -0.0002166 -0.1997638 0.0367891 0.2007023 0.9583630 2415204.7787788
0.2381026 -0.9885069 -0.0002163 -0.0478294 0.1974117 0.9569454 0.2073557 2415205.1441441
0.2441059 -0.9870372 -0.0002159 -0.1607732 -0.1241410 -0.5794003 0.7893264 2415205.5095095
0.2500998 -0.9855305 -0.0002156 -0.1788918 0.0962119 0.4846179 0.8508152 2415205.8748749
0.2560841 -0.9839868 -0.0002153 0.0149406 0.2025729 0.9744612 -0.0957413 2415206.2402402
0.2620586 -0.9824062 -0.0002150 -0.1910714 -0.0689256 -0.3097636 0.9288636 2415206.6056056
0.2680230 -0.9807887 -0.0002146 -0.1408209 0.1463848 0.7219417 0.6614689 2415206.9709710
0.2739773 -0.9791345 -0.0002143 0.0762742 0.1882585 0.8982909 -0.3896336 2415207.3363363
0.2799210 -0.9774436 -0.0002140 -0.2029996 -0.0070836 -0.0103457 0.9790985 2415207.7017017
0.2858541 -0.9757162 -0.0002137 -0.0892111 0.1824839 0.8898571 0.4085282 2415208.0670671
0.2917763 -0.9739522 -0.0002134 -0.1302747 -0.1558446 -0.7357579 0.6460661 2415208.4324324
0.2976874 -0.9721517 -0.0002131 -0.1954111 0.0554394 0.2900668 0.9352017 2415208.7977978
0.3035871 -0.9703149 -0.0002128 -0.0290245 0.2010388 0.9722205 0.1163110 2415209.1631632
0.3094754 -0.9684418 -0.0002125 -0.1717503 -0.1084475 -0.5024881 0.8403849 2415209.5285285
0.3153519 -0.9665324 -0.0002121 -0.1690354 0.1126324 0.5625919 0.8013934 2415209.8938939
0.3212165 -0.9645870 -0.0002118 0.0339526 0.2002654 0.9611134 -0.1870884 2415210.2592593
0.3270689 -0.9626055 -0.0002115 -0.1967136 -0.0506240 -0.2209084 0.9539080 2415210.6246246
0.3329090 -0.9605880 -0.0002111 -0.1264083 0.1589967 0.7810287 0.5905381 2415210.9899900
0.3387366 -0.9585347 -0.0002108 0.0936654 0.1802382 0.8576035 -0.4725010 2415211.3553554
0.3445514 -0.9564455 -0.0002104 -0.2027644 0.0120665 0.0819097 0.9757212 2415211.7207207
0.3503532 -0.9543206 -0.0002100 -0.0716282 0.1900748 0.9243764 0.3229076 2415212.0860861
0.3561419 -0.9521601 -0.0002096 -0.1443731 -0.1428825 -0.6716426 0.7124866 2415212.4514515
0.3619173 -0.9499640 -0.0002092 -0.1893212 0.0735969 0.3768528 0.9037272 2415212.8168168
0.3676791 -0.9477323 -0.0002088 -0.0099616 0.2028787 0.9788533 0.0242324 2415213.1821822
0.3734272 -0.9454653 -0.0002083 -0.1812005 -0.0917899 -0.4211091 0.8839729 2415213.5475476
0.3791614 -0.9431629 -0.0002078 -0.1576763 0.1280516 0.6355649 0.7448478 2415213.9129129
0.3848814 -0.9408253 -0.0002073 0.0526628 0.1961776 0.9392220 -0.2767725 2415214.2782783
0.3905872 -0.9384524 -0.0002068 -0.2006070 -0.0318724 -0.1300896 0.9704729 2415214.6436436
0.3962784 -0.9360444 -0.0002062 -0.1108721 0.1701952 0.8331729 0.5143577 2415215.0090090
0.4019548 -0.9336014 -0.0002056 -0.1102240 -0.1706156 -0.8092927 0.5511681 2415215.3743744
0.4076164 -0.9311234 -0.0002050 -0.2007267 0.0311093 0.1734369 0.9636704 2415215.7397397
0.4132628 -0.9286105 -0.0002044 -0.0534085 0.1959759 0.9506786 0.2344167 2415216.1051051
0.4188939 -0.9260628 -0.0002037 -0.1571882 -0.1286503 -0.6015570 0.7725738 2415216.4704705
0.4245095 -0.9234803 -0.0002030 -0.1815483 0.0911001 0.4602890 0.8642193 2415216.8358358
0.4301093 -0.9208631 -0.0002023 0.0091899 0.2029152 0.9767848 -0.0680615 2415217.2012012
0.4356932 -0.9182113 -0.0002015 -0.1890399 -0.0743164 -0.3359867 0.9197032 2415217.5665666
0.4412609 -0.9155250 -0.0002007 -0.1449155 0.1423324 0.7028882 0.6816811 2415217.9319319
0.4468123 -0.9128042 -0.0001999 0.0709048 0.1903458 0.9089817 -0.3639962 2415218.2972973
0.4523471 -0.9100491 -0.0001990 -0.2027171 -0.0128375 -0.0381143 0.9784111 2415218.6626627
0.4578651 -0.9072596 -0.0001982 -0.0943502 0.1798807 0.8779109 0.4336052 2415219.0280280
0.4633661 -0.9044359 -0.0001973 -0.1258028 -0.1594763 -0.7537879 0.6249358 2415219.3933934
0.4688499 -0.9015781 -0.0001963 -0.1969047 0.0498756 0.2634225 0.9430533 2415219.7587588
0.4743162 -0.8986862 -0.0001954 -0.0347140 0.2001348 0.9685301 0.1438419 2415220.1241241
0.4797649 -0.8957604 -0.0001944 -0.1686058 -0.1132744 -0.5261239 0.8257933 2415220.4894895
0.4851957 -0.8928007 -0.0001934 -0.1721615 0.1077935 0.5396335 0.8170292 2415220.8548549
0.4906084 -0.8898072 -0.0001924 0.0282597 0.2011477 0.9660335 -0.1597505 2415221.2202202
0.4960027 -0.8867801 -0.0001914 -0.1951988 -0.0561821 -0.2478777 0.9472579 2415221.5855856
0.5013786 -0.8837193 -0.0001904 -0.1308664 0.1553480 0.7639634 0.6124548 2415221.9509510
0.5067357 -0.8806251 -0.0001894 0.0885165 0.1828219 0.8706613 -0.4479843 2415222.3163163
0.5120737 -0.8774976 -0.0001883 -0.2030251 0.0063116 0.0541997 0.9776520 2415222.6816817
0.5173926 -0.8743367 -0.0001872 -0.0769896 0.1879671 0.9148449 0.3489982 2415223.0470471
0.5226921 -0.8711427 -0.0001862 -0.1402631 -0.1469192 -0.6915825 0.6931484 2415223.4124124
0.5279719 -0.8679157 -0.0001851 -0.1913321 0.0681985 0.3510664 0.9140533 2415223.7777778
0.5332319 -0.8646558 -0.0001840 -0.0157109 0.2025147 0.9777720 0.0519885 2415224.1431431
0.5384717 -0.8613630 -0.0001830 -0.1785246 -0.0968915 -0.4460141 0.8716722 2415224.5085085
0.5436913 -0.8580376 -0.0001819 -0.1612442 0.1235287 0.6141811 0.7625763 2415224.8738739
0.5488904 -0.8546796 -0.0001808 0.0470783 0.1975921 0.9466949 -0.2500195 2415225.2392392
0.5540687 -0.8512892 -0.0001797 -0.1996225 -0.0375485 -0.1575653 0.9663923 2415225.6046046
0.5592261 -0.8478665 -0.0001787 -0.1156539 0.1669826 0.8182476 0.5377843 2415225.9699700
0.5643623 -0.8444117 -0.0001776 -0.1053413 -0.1736727 -0.8246013 0.5279902 2415226.3353353
0.5694771 -0.8409248 -0.0001765 -0.2015282 0.0254045 0.1460320 0.9682023 2415226.7007007
0.5745704 -0.8374060 -0.0001755 -0.0589445 0.1943825 0.9436467 0.2612890 2415227.0660661
0.5796419 -0.8338555 -0.0001745 -0.1534766 -0.1330562 -0.6232295 0.7551993 2415227.4314314
0.5846914 -0.8302733 -0.0001734 -0.1840587 0.0859151 0.4355896 0.8769280 2415227.7967968
0.5897187 -0.8266597 -0.0001724 0.0034319 0.2030942 0.9783224 -0.0403270 2415228.1621622
0.5947236 -0.8230148 -0.0001714 -0.1868564 -0.0796473 -0.3619395 0.9098026 2415228.5275275
0.5997059 -0.8193387 -0.0001704 -0.1488935 0.1381656 0.6832690 0.7013447 2415228.8928929
0.6046654 -0.8156315 -0.0001694 0.0654784 0.1922800 0.9189409 -0.3380659 2415229.2582583
0.6096019 -0.8118935 -0.0001684 -0.2022715 -0.0185811 -0.0658522 0.9769363 2415229.6236236
0.6145152 -0.8081247 -0.0001675 -0.0994134 0.1771327 0.8652581 0.4583332 2415229.9889890
0.6194051 -0.8043254 -0.0001665 -0.1212297 -0.1629797 -0.7712113 0.6033027 2415230.3543544
0.6242714 -0.8004957 -0.0001656 -0.1982398 0.0442716 0.2365661 0.9501460 2415230.7197197
0.6291140 -0.7966356 -0.0001646 -0.0403755 0.1990699 0.9640602 0.1712570 2415231.0850851
0.6339326 -0.7927455 -0.0001637 -0.1653257 -0.1180102 -0.5493364 0.8105372 2415231.4504505
0.6387271 -0.7888254 -0.0001628 -0.1751491 0.1028680 0.5162408 0.8320075 2415231.8158158
0.6434972 -0.7848755 -0.0001619 0.0225442 0.2018682 0.9701762 -0.1322841 2415232.1811812
0.6482428 -0.7808960 -0.0001610 -0.1935271 -0.0616951 -0.2746476 0.9398456 2415232.5465466
0.6529638 -0.7768871 -0.0001601 -0.1352192 0.1515744 0.7462833 0.6338787 2415232.9119119
0.6576598 -0.7728488 -0.0001592 0.0832964 0.1852585 0.8830183 -0.4231072 2415233.2772773
0.6623309 -0.7687813 -0.0001584 -0.2031224 0.0005516 0.0264462 0.9787960 2415233.6426427
0.6669767 -0.7646849 -0.0001575 -0.0822890 0.1857082 0.9045772 0.3748080 2415234.0080080
0.6715971 -0.7605597 -0.0001567 -0.1360404 -0.1508378 -0.7109658 0.6732523 2415234.3733734
0.6761919 -0.7564058 -0.0001558 -0.1931892 0.0627452 0.3249974 0.9236437 2415234.7387387
0.6807610 -0.7522234 -0.0001550 -0.0214475 0.2019877 0.9759039 0.0797027 2415235.1041041
0.6853042 -0.7480127 -0.0001541 -0.1757052 -0.1019152 -0.4705602 0.8586700 2415235.4694695
0.6898213 -0.7437738 -0.0001533 -0.1646824 0.1189064 0.5923029 0.7796911 2415235.8348348
0.6943122 -0.7395070 -0.0001525 0.0414560 0.1988477 0.9534059 -0.2230652 2415236.2002002
0.6987766 -0.7352123 -0.0001516 -0.1984774 -0.0431944 -0.1849143 0.9615340 2415236.5655656
0.7032146 -0.7308900 -0.0001508 -0.1203428 0.1636357 0.8026637 0.5607780 2415236.9309309
0.7076258 -0.7265402 -0.0001499 -0.1003739 -0.1765902 -0.8392463 0.5043874 2415237.2962963
0.7120101 -0.7221631 -0.0001491 -0.2021676 0.0196793 0.1185095 0.9719550 2415237.6616617
0.7163674 -0.7177588 -0.0001482 -0.0644332 0.1926328 0.9358553 0.2879510 2415238.0270270
0.7206975 -0.7133276 -0.0001474 -0.1496417 -0.1373550 -0.6444004 0.7372171 2415238.3923924
0.7250003 -0.7088696 -0.0001465 -0.1864211 0.0806609 0.4105397 0.8889309 2415238.7577578
0.7292755 -0.7043849 -0.0001456 -0.0023289 0.2031098 0.9790726 -0.0125600 2415239.1231231
0.7335232 -0.6998738 -0.0001447 -0.1845226 -0.0849142 -0.3876010 0.8991699 2415239.4884885
0.7377431 -0.6953364 -0.0001438 -0.1527517 0.1338877 0.6631000 0.7204439 2415239.8538539
0.7419351 -0.6907728 -0.0001429 0.0599993 0.1940595 0.9281606 -0.3118635 2415240.2192192
0.7460990 -0.6861833 -0.0001419 -0.2016632 -0.0243097 -0.0935372 0.9746752 2415240.5845846
0.7502347 -0.6815680 -0.0001410 -0.1043966 0.1742423 0.8519090 0.4826924 2415240.9499500
0.7543420 -0.6769270 -0.0001400 -0.1165591 -0.1663520 -0.7880140 0.5811840 2415241.3153153
0.7584209 -0.6722605 -0.0001390 -0.1994156 0.0386321 0.2095194 0.9564740 2415241.6806807
0.7624711 -0.6675687 -0.0001379 -0.0460045 0.1978449 0.9588144 0.1985343 2415242.0460461
0.7664926 -0.6628518 -0.0001369 -0.1619127 -0.1226511 -0.5721068 0.7946287 2415242.4114114
0.7704851 -0.6581099 -0.0001358 -0.1779958 0.0978597 0.4924326 0.8463162 2415242.7767768
0.7744486 -0.6533431 -0.0001347 0.0168105 0.2024263 0.9735382 -0.1047112 2415243.1421422
0.7783829 -0.6485516 -0.0001336 -0.1916997 -0.0671584 -0.3011964 0.9316768 2415243.5075075
0.7822879 -0.6437356 -0.0001324 -0.1394632 0.1476788 0.7280026 0.6547924 2415243.8728729
0.7861634 -0.6388952 -0.0001312 0.0780093 0.1875462 0.8946647 -0.3978896 2415244.2382383
0.7900093 -0.6340306 -0.0001300 -0.2030564 -0.0052089 -0.0013286 0.9791523 2415244.6036036
0.7938254 -0.6291420 -0.0001288 -0.0875223 0.1832999 0.8935816 0.4003161 2415244.9689690
0.7976115 -0.6242294 -0.0001275 -0.1317081 -0.1546350 -0.7297770 0.6528143 2415245.3343343
0.8013676 -0.6192931 -0.0001262 -0.1948908 0.0572414 0.2986669 0.9324908 2415245.6996997
0.8050935 -0.6143332 -0.0001249 -0.0271669 0.2012982 0.9732504 0.1073528 2415246.0650651
0.8087889 -0.6093499 -0.0001235 -0.1727443 -0.1068569 -0.4947276 0.8449767 2415246.4304304
0.8124539 -0.6043433 -0.0001222 -0.1679882 0.1141884 0.5699482 0.7961784 2415246.7957958
0.8160881 -0.5993136 -0.0001208 0.0358004 0.1999434 0.9593497 -0.1959315 2415247.1611612
0.8196915 -0.5942610 -0.0001194 -0.1971726 -0.0488055 -0.2121144 0.9559019 2415247.5265265
0.8232639 -0.5891857 -0.0001180 -0.1249348 0.1601571 0.7864339 0.5833204 2415247.8918919
0.8268051 -0.5840877 -0.0001166 0.0953257 0.1793656 0.8532159 -0.4803787 2415248.2572573
0.8303150 -0.5789674 -0.0001151 -0.2026444 0.0139382 0.0908917 0.9749255 2415248.6226226
0.8337935 -0.5738248 -0.0001137 -0.0698700 0.1907281 0.9273109 0.3143812 2415248.9879880
0.8372403 -0.5686601 -0.0001122 -0.1456863 -0.1415433 -0.6650527 0.7186417 2415249.3533534
0.8406553 -0.5634736 -0.0001107 -0.1886335 0.0753419 0.3851594 0.9002184 2415249.7187187
0.8440383 -0.5582654 -0.0001092 -0.0080878 0.2029621 0.9790349 0.0152170 2415250.0840841
0.8473893 -0.5530358 -0.0001078 -0.1820404 -0.0901128 -0.4129506 0.8878135 2415250.4494495
0.8507080 -0.5477848 -0.0001063 -0.1564871 0.1295021 0.6423973 0.7389632 2415250.8148148
0.8539944 -0.5425127 -0.0001048 0.0544720 0.1956829 0.9366334 -0.2854101 2415251.1801802
0.8572481 -0.5372197 -0.0001033 -0.2008927 -0.0300187 -0.1211468 0.9716298 2415251.5455456
0.8604692 -0.5319060 -0.0001018 -0.1092958 0.1712117 0.8378744 0.5066631 2415251.9109109
0.8636574 -0.5265718 -0.0001004 -0.1117948 -0.1695905 -0.8041826 0.5585976 2415252.2762763
0.8668126 -0.5212172 -0.0000989 -0.2004309 0.0329614 0.1823041 0.9620323 2415252.6416417
0.8699347 -0.5158426 -0.0000974 -0.0515966 0.1964607 0.9527971 0.2256518 2415253.0070070
0.8730235 -0.5104481 -0.0000960 -0.1583694 -0.1271934 -0.5944167 0.7780808 2415253.3723724
0.8760789 -0.5050339 -0.0000945 -0.1806993 0.0927726 0.4682281 0.8599438 2415253.7377378
0.8791007 -0.4996002 -0.0000931 0.0110632 0.2028216 0.9761166 -0.0770540 2415254.1031031
0.8820888 -0.4941472 -0.0000917 -0.1897181 -0.0725676 -0.3275028 0.9227583 2415254.4684685
0.8850430 -0.4886752 -0.0000903 -0.1435950 0.1436645 0.7091361 0.6751792 2415254.8338338
0.8879634 -0.4831843 -0.0000889 0.0726594 0.1896830 0.9055911 -0.3723517 2415255.1991992
0.8908496 -0.4776748 -0.0000875 -0.2028270 -0.0109651 -0.0291024 0.9787206 2415255.5645646
0.8937015 -0.4721470 -0.0000861 -0.0926852 0.1807442 0.8818668 0.4255020 2415255.9299299
0.8965192 -0.4666009 -0.0000847 -0.1272700 -0.1583078 -0.7480008 0.6318511 2415256.2952953
0.8993023 -0.4610369 -0.0000834 -0.1964357 0.0516916 0.2720960 0.9405875 2415256.6606607
0.9020509 -0.4554552 -0.0000821 -0.0328645 0.2004469 0.9698137 0.1349165 2415257.0260260
0.9047647 -0.4498559 -0.0000807 -0.1696446 -0.1117127 -0.5184968 0.8306034 2415257.3913914
0.9074438 -0.4442393 -0.0000794 -0.1711588 0.1093786 0.5471347 0.8120250 2415257.7567568
0.9100878 -0.4386057 -0.0000781 0.0301159 0.2008782 0.9645214 -0.1686401 2415258.1221221
0.9126968 -0.4329553 -0.0000769 -0.1957093 -0.0543773 -0.2391438 0.9495005 2415258.4874875
0.9152706 -0.4272882 -0.0000756 -0.1294264 0.1565498 0.7695712 0.6053934 2415258.8528529
0.9178092 -0.4216048 -0.0000744 0.0902009 0.1819967 0.8664988 -0.4559834 2415259.2182182
0.9203124 -0.4159052 -0.0000731 -0.2029581 0.0081860 0.0632008 0.9771114 2415259.5835836
0.9227800 -0.4101897 -0.0000719 -0.0752506 0.1886700 0.9180201 0.3405585 2415259.9489490
0.9252121 -0.4044585 -0.0000707 -0.1416138 -0.1456178 -0.6851699 0.6994878 2415260.3143143
0.9276085 -0.3987118 -0.0000695 -0.1906942 0.0699623 0.3594691 0.9107815 2415260.6796797
0.9299691 -0.3929499 -0.0000683 -0.0138402 0.2026511 0.9782094 0.0429819 2415261.0450451
0.9322939 -0.3871730 -0.0000671 -0.1794117 -0.0952389 -0.4379678 0.8757426 2415261.4104104
0.9345826 -0.3813813 -0.0000659 -0.1600967 0.1250123 0.6211777 0.7568879 2415261.7757758
0.9368353 -0.3755751 -0.0000648 0.0489009 0.1971490 0.9443523 -0.2587271 2415262.1411412
0.9390519 -0.3697546 -0.0000636 -0.1999607 -0.0357036 -0.1486590 0.9678024 2415262.5065065
0.9412322 -0.3639200 -0.0000625 -0.1141071 0.1680434 0.8231654 0.5302261 2415262.8718719
0.9433762 -0.3580716 -0.0000613 -0.1069405 -0.1726926 -0.8197040 0.5355617 2415263.2372373
0.9454838 -0.3522095 -0.0000602 -0.2012851 0.0272643 0.1549421 0.9668164 2415263.6026026
0.9475549 -0.3463341 -0.0000590 -0.0571471 0.1949185 0.9460129 0.2525877 2415263.9679680
0.9495894 -0.3404456 -0.0000579 -0.1546987 -0.1316333 -0.6162483 0.7609067 2415264.3333333
0.9515874 -0.3345441 -0.0000567 -0.1832575 0.0876110 0.4436469 0.8728794 2415264.6986987
0.9535486 -0.3286299 -0.0000556 0.0053071 0.2030538 0.9779095 -0.0493348 2415265.0640641
0.9554730 -0.3227033 -0.0000544 -0.1875839 -0.0779185 -0.3535457 0.9130972 2415265.4294294
0.9573606 -0.3167645 -0.0000532 -0.1476113 0.1395346 0.6896988 0.6950227 2415265.7947948
0.9592113 -0.3108137 -0.0000521 0.0672511 0.1916672 0.9157887 -0.3465142 2415266.1601602
0.9610251 -0.3048512 -0.0000509 -0.2024345 -0.0167125 -0.0568527 0.9775013 2415266.5255255
0.9628018 -0.2988771 -0.0000497 -0.0977735 0.1780431 0.8694423 0.4503455 2415266.8908909
0.9645414 -0.2928917 -0.0000485 -0.1227294 -0.1618533 -0.7656227 0.6103793 2415267.2562563
0.9662438 -0.2868953 -0.0000473 -0.1978226 0.0461003 0.2453061 0.9479272 2415267.6216216
0.9679091 -0.2808880 -0.0000461 -0.0385356 0.1994343 0.9655964 0.1623716 2415267.9869870
0.9695371 -0.2748700 -0.0000448 -0.1664084 -0.1164786 -0.5418488 0.8155617 2415268.3523524
0.9711277 -0.2688417 -0.0000436 -0.1741917 0.1044809 0.5238809 0.8272181 2415268.7177177
0.9726811 -0.2628032 -0.0000423 0.0244072 0.2016514 0.9689169 -0.1412129 2415269.0830831
0.9741970 -0.2567548 -0.0000410 -0.1940885 -0.0599054 -0.2659808 0.9423350 2415269.4484485
0.9756754 -0.2506966 -0.0000397 -0.1338138 0.1528165 0.7520891 0.6269792 2415269.8138138
0.9771163 -0.2446288 -0.0000383 0.0850035 0.1844815 0.8790844 -0.4312211 2415270.1791792
0.9785197 -0.2385518 -0.0000370 -0.2031087 0.0024271 0.0354589 0.9785109 2415270.5445446
0.9798854 -0.2324657 -0.0000356 -0.0805707 0.1864601 0.9079905 0.3664617 2415270.9099099
0.9812134 -0.2263707 -0.0000342 -0.1374274 -0.1495752 -0.7047356 0.6797711 2415271.2752753
0.9825038 -0.2202670 -0.0000327 -0.1926016 0.0645264 0.3334896 0.9206116 2415271.6406407
0.9837564 -0.2141548 -0.0000313 -0.0195815 0.2021771 0.9765965 0.0707121 2415272.0060060
0.9849711 -0.2080344 -0.0000298 -0.1766387 -0.1002884 -0.4626326 0.8629670 2415272.3713714
0.9861480 -0.2019060 -0.0000283 -0.1635774 0.1204219 0.5994581 0.7742035 2415272.7367368
0.9872869 -0.1957697 -0.0000267 0.0432904 0.1984564 0.9513113 -0.2318358 2415273.1021021
0.9883878 -0.1896258 -0.0000252 -0.1988677 -0.0413598 -0.1760515 0.9631962 2415273.4674675
0.9894507 -0.1834745 -0.0000236 -0.1188267 0.1647399 0.8077939 0.5533624 2415273.8328329
0.9904754 -0.1773159 -0.0000221 -0.1020002 -0.1756558 -0.8345657 0.5120947 2415274.1981982
0.9914620 -0.1711504 -0.0000205 -0.2019773 0.0215452 0.1274554 0.9708224 2415274.5635636
0.9924103 -0.1649782 -0.0000189 -0.0626517 0.1932195 0.9384674 0.2793204 2415274.9289289
0.9933204 -0.1587994 -0.0000172 -0.1509036 -0.1359674 -0.6375839 0.7431202 2415275.2942943
0.9941920 -0.1526142 -0.0000156 -0.1856683 0.0823789 0.4187085 0.8851125 2415275.6596597
0.9950253 -0.1464230 -0.0000140 -0.0004533 0.2031226 0.9789155 -0.0215759 2415276.0250250
0.9958200 -0.1402259 -0.0000123 -0.1852988 -0.0832068 -0.3793040 0.9027012 2415276.3903904
0.9965762 -0.1340232 -0.0000107 -0.1515089 0.1352925 0.6697065 0.7143067 2415276.7557558
0.9972938 -0.1278150 -0.0000090 0.0617887 0.1934972 0.9252493 -0.3203978 2415277.1211211
0.9979728 -0.1216016 -0.0000074 -0.2018791 -0.0224465 -0.0845573 0.9754953 2415277.4864865
0.9986130 -0.1153834 -0.0000057 -0.1027832 0.1751988 0.8563181 0.4748266 2415277.8518519
0.9992144 -0.1091604 -0.0000041 -0.1180902 -0.1652686 -0.7826284 0.5884163 2415278.2172172
0.9997770 -0.1029329 -0.0000024 -0.1990504 0.0404718 0.2183188 0.9545040 2415278.5825826
1.0003007 -0.0967012 -0.0000008 -0.0441757 0.1982612 0.9606021 0.1896960 2415278.9479480
1.0007854 -0.0904655 0.0000008 -0.1630383 -0.1211508 -0.5647647 0.7998636 2415279.3133133
1.0012312 -0.0842261 0.0000025 -0.1770846 0.0994991 0.5002055 0.8417455 2415279.6786787
1.0016379 -0.0779832 0.0000041 0.0186789 0.2022625 0.9725326 -0.1136722 2415280.0440441
1.0020056 -0.0717370 0.0000057 -0.1923116 -0.0653854 -0.2926037 0.9344111 2415280.4094094
1.0023342 -0.0654879 0.0000072 -0.1380936 0.1489603 0.7340018 0.6480604 2415280.7747748
1.0026236 -0.0592360 0.0000088 0.0797377 0.1868179 0.8909625 -0.4061118 2415281.1401402
1.0028738 -0.0529816 0.0000104 -0.2030958 -0.0033337 0.0076885 0.9791230 2415281.5055055
1.0030847 -0.0467250 0.0000119 -0.0858260 0.1841003 0.8972302 0.3920700 2415281.8708709
1.0032565 -0.0404664 0.0000134 -0.1331304 -0.1534122 -0.7237342 0.6595073 2415282.2362363
1.0033889 -0.0342061 0.0000149 -0.1943540 0.0590386 0.3072416 0.9297008 2415282.6016016
1.0034820 -0.0279443 0.0000164 -0.0253070 0.2015405 0.9741978 0.0983855 2415282.9669670
1.0035358 -0.0216813 0.0000179 -0.1737237 -0.1052573 -0.4869251 0.8494969 2415283.3323324
1.0035502 -0.0154173 0.0000193 -0.1669266 0.1157347 0.5772561 0.7908959 2415283.6976977
1.0035252 -0.0091526 0.0000207 0.0376451 0.1996043 0.9575047 -0.2047579 2415284.0630631
1.0034609 -0.0028875 0.0000222 -0.1976149 -0.0469827 -0.2033024 0.9578148 2415284.4284284
1.0033571 0.0033778 0.0000235 -0.1234506 0.1613039 0.7917724 0.5760533 2415284.7937938
1.0032139 0.0096430 0.0000249 0.0969779 0.1784777 0.8487558 -0.4882157 2415285.1591592
1.0030312 0.0159079 0.0000263 -0.2025070 0.0158088 0.0998661 0.9740471 2415285.5245245
1.0028091 0.0221722 0.0000276 -0.0681059 0.1913651 0.9301667 0.3058282 2415285.8898899
1.0025476 0.0284357 0.0000289 -0.1469871 -0.1401920 -0.6584065 0.7247357 2415286.2552553
1.0022466 0.0346980 0.0000303 -0.1879298 0.0770805 0.3934333 0.8966333 2415286.6206206
1.0019061 0.0409589 0.0000315 -0.0062133 0.2030281 0.9791336 0.0062004 2415286.9859860
1.0015262 0.0472183 0.0000328 -0.1828647 -0.0884281 -0.4047571 0.8915788 2415287.3513514
1.0011069 0.0534757 0.0000341 -0.1552847 0.1309415 0.6491753 0.7330160 2415287.7167167
1.0006481 0.0597309 0.0000353 0.0562766 0.1951716 0.9339653 -0.2940236 2415288.0820821
1.0001499 0.0659838 0.0000366 -0.2011614 -0.0281624 -0.1121939 0.9727042 2415288.4474475
0.9996123 0.0722339 0.0000378 -0.1077102 0.1722136 0.8425048 0.4989256 2415288.8128128
0.9990353 0.0784812 0.0000390 -0.1133560 -0.1685510 -0.7990043 0.5659798 2415289.1781782
0.9984190 0.0847252 0.0000402 -0.2001180 0.0348108 0.1911559 0.9603127 2415289.5435436
0.9977632 0.0909658 0.0000414 -0.0497803 0.1969288 0.9548347 0.2168678 2415289.9089089
0.9970682 0.0972026 0.0000425 -0.1595371 -0.1257256 -0.5872261 0.7835219 2415290.2742743
0.9963338 0.1034355 0.0000437 -0.1798350 0.0944372 0.4761276 0.8555954 2415290.6396397
0.9955601 0.1096642 0.0000449 0.0129356 0.2027108 0.9753656 -0.0860399 2415291.0050050
0.9947472 0.1158884 0.0000461 -0.1903801 -0.0708127 -0.3189912 0.9257352 2415291.3703704
0.9938951 0.1221078 0.0000472 -0.1422623 0.1449843 0.7153238 0.6686201 2415291.7357358
0.9930038 0.1283223 0.0000484 0.0744078 0.1890040 0.9021236 -0.3806756 2415292.1011011
0.9920733 0.1345315 0.0000495 -0.2029196 -0.0090918 -0.0200880 0.9789471 2415292.4664665
0.9911037 0.1407352 0.0000507 -0.0910123 0.1815923 0.8857479 0.4173628 2415292.8318319
0.9900951 0.1469331 0.0000519 -0.1287263 -0.1571259 -0.7421503 0.6387127 2415293.1971972
0.9890475 0.1531251 0.0000530 -0.1959500 0.0535033 0.2807464 0.9380418 2415293.5625626
0.9879608 0.1593108 0.0000542 -0.0310122 0.2007418 0.9710150 0.1259796 2415293.9279279
0.9868353 0.1654900 0.0000554 -0.1706689 -0.1101415 -0.5108257 0.8353431 2415294.2932933
0.9856708 0.1716625 0.0000566 -0.1701415 0.1109544 0.5545895 0.8069519 2415294.6586587
0.9844676 0.1778280 0.0000578 0.0319695 0.2005915 0.9629275 -0.1775153 2415295.0240240
0.9832255 0.1839862 0.0000590 -0.1962030 -0.0525679 -0.2303896 0.9516626 2415295.3893894
0.9819448 0.1901370 0.0000602 -0.1279753 0.1577382 0.7751137 0.5982807 2415295.7547548
0.9806254 0.1962801 0.0000615 0.0918776 0.1811561 0.8622628 -0.4639437 2415296.1201201
0.9792674 0.2024152 0.0000627 -0.2028739 0.0100597 0.0721964 0.9764879 2415296.4854855
0.9778708 0.2085421 0.0000640 -0.0735053 0.1893568 0.9211174 0.3320899 2415296.8508509
0.9764358 0.2146607 0.0000653 -0.1429524 -0.1443040 -0.6786992 0.7057680 2415297.2162162
0.9749623 0.2207705 0.0000666 -0.1900401 0.0717201 0.3678414 0.9074325 2415297.5815816
0.9734505 0.2268716 0.0000679 -0.0119684 0.2027702 0.9785637 0.0339716 2415297.9469470
0.9719004 0.2329635 0.0000693 -0.1802835 -0.0935782 -0.4298844 0.8797388 2415298.3123123
0.9703121 0.2390460 0.0000706 -0.1589355 0.1264853 0.6281216 0.7511353 2415298.6776777
0.9686856 0.2451191 0.0000720 0.0507192 0.1966890 0.9419296 -0.2674128 2415299.0430431
0.9670209 0.2511824 0.0000734 -0.2002818 -0.0338557 -0.1397401 0.9691304 2415299.4084084
0.9653183 0.2572356 0.0000748 -0.1125506 0.1690899 0.8280134 0.5226230 2415299.7737738
0.9635776 0.2632787 0.0000763 -0.1085306 -0.1716978 -0.8147372 0.5430877 2415300.1391392
0.9617990 0.2693114 0.0000777 -0.2010247 0.0291218 0.1638390 0.9653485 2415300.5045045
0.9599825 0.2753334 0.0000792 -0.0553449 0.1954379 0.9482989 0.2438651 2415300.8698699
0.9581282 0.2813445 0.0000807 -0.1559076 -0.1301992 -0.6092149 0.7665495 2415301.2352353
0.9562361 0.2873446 0.0000822 -0.1824408 0.0892994 0.4516665 0.8687568 2415301.6006006
0.9543063 0.2933334 0.0000837 0.0071818 0.2029961 0.9774137 -0.0583384 2415301.9659660
0.9523389 0.2993106 0.0000852 -0.1882954 -0.0761831 -0.3451219 0.9163143 2415302.3313314
0.9503338 0.3052761 0.0000867 -0.1463166 0.1408917 0.6960701 0.6886417 2415302.6966967
0.9482912 0.3112297 0.0000883 0.0690180 0.1910380 0.9125587 -0.3549331 2415303.0620621
0.9462111 0.3171711 0.0000898 -0.2025801 -0.0148426 -0.0478484 0.9779834 2415303.4274274
0.9440935 0.3231000 0.0000914 -0.0961253 0.1789384 0.8735527 0.4423196 2415303.7927928
0.9419385 0.3290164 0.0000929 -0.1242187 -0.1607132 -0.7599692 0.6174041 2415304.1581582
0.9397462 0.3349198 0.0000944 -0.1973885 0.0479249 0.2540253 0.9456279 2415304.5235235
0.9375165 0.3408102 0.0000960 -0.0366924 0.1997816 0.9670508 0.1534724 2415304.8888889
0.9352497 0.3466872 0.0000975 -0.1674768 -0.1149371 -0.5343152 0.8205171 2415305.2542543
0.9329456 0.3525506 0.0000990 -0.1732196 0.1060849 0.5314767 0.8223585 2415305.6196196
0.9306044 0.3584002 0.0001005 0.0262682 0.2014175 0.9675753 -0.1501298 2415305.9849850
0.9282262 0.3642358 0.0001020 -0.1946334 -0.0581107 -0.2572914 0.9447445 2415306.3503504
0.9258110 0.3700571 0.0001035 -0.1323970 0.1540456 0.7578312 0.6200265 2415306.7157157
0.9233588 0.3758639 0.0001049 0.0867033 0.1836887 0.8750759 -0.4392984 2415307.0810811
0.9208698 0.3816559 0.0001064 -0.2030776 0.0043025 0.0444686 0.9781429 2415307.4464465
0.9183440 0.3874328 0.0001078 -0.0788456 0.1871961 0.9113268 0.3580844 2415307.8118118
0.9157815 0.3931946 0.0001092 -0.1388027 -0.1482998 -0.6984456 0.6862322 2415308.1771772
0.9131824 0.3989408 0.0001106 -0.1919975 0.0663021 0.3419534 0.9175014 2415308.5425426
0.9105466 0.4046713 0.0001120 -0.0177138 0.2023493 0.9772063 0.0617155 2415308.9079079
0.9078745 0.4103858 0.0001133 -0.1775572 -0.0986531 -0.4546658 0.8671908 2415309.2732733
0.9051659 0.4160840 0.0001146 -0.1624585 0.1219272 0.6065624 0.7686501 2415309.6386387
0.9024210 0.4217658 0.0001159 0.0451210 0.1980482 0.9491359 -0.2405867 2415310.0040040
0.8996399 0.4274309 0.0001172 -0.1992412 -0.0395217 -0.1671739 0.9647766 2415310.3693694
0.8968226 0.4330789 0.0001185 -0.1173004 0.1658301 0.8128557 0.5458999 2415310.7347348
0.8939693 0.4387098 0.0001197 -0.1036178 -0.1747065 -0.8298144 0.5197586 2415311.1001001
0.8910801 0.4443232 0.0001209 -0.2017697 0.0234093 0.1363904 0.9696075 2415311.4654655
0.8881551 0.4499190 0.0001221 -0.0608649 0.1937898 0.9409999 0.2706661 2415311.8308308
0.8851943 0.4554968 0.0001233 -0.1521526 -0.1345681 -0.6307134 0.7489603 2415312.1961962
0.8821979 0.4610563 0.0001244 -0.1848998 0.0840898 0.4268419 0.8812190 2415312.5615616
0.8791659 0.4665975 0.0001256 0.0014223 0.2031182 0.9786752 -0.0305899 2415312.9269269
0.8760986 0.4721200 0.0001267 -0.1860592 -0.0814922 -0.3709749 0.9061560 2415313.2922923
0.8729959 0.4776236 0.0001277 -0.1502532 0.1366857 0.6762563 0.7081091 2415313.6576577
0.8698580 0.4831080 0.0001288 0.0635728 0.1929184 0.9222595 -0.3289050 2415314.0230230
0.8666851 0.4885730 0.0001298 -0.2020778 -0.0205814 -0.0755703 0.9762326 2415314.3883884
0.8634772 0.4940184 0.0001309 -0.1011611 0.1761404 0.8606545 0.4669205 2415314.7537538
0.8602344 0.4994439 0.0001319 -0.1196112 -0.1641712 -0.7771764 0.5955987 2415315.1191191
0.8569570 0.5048494 0.0001328 -0.1986682 0.0423081 0.2270997 0.9524530 2415315.4844845
0.8536450 0.5102344 0.0001338 -0.0423431 0.1986607 0.9623083 0.1808417 2415315.8498499
0.8502985 0.5155989 0.0001348 -0.1641500 -0.1196402 -0.5573747 0.8050307 2415316.2152152
0.8469177 0.5209425 0.0001357 -0.1761583 0.1011300 0.5079361 0.8371033 2415316.5805806
0.8435026 0.5262651 0.0001366 0.0205458 0.2020814 0.9714445 -0.1226235 2415316.9459460
0.8400536 0.5315664 0.0001375 -0.1929072 -0.0636068 -0.2839862 0.9370661 2415317.3113113
0.8365706 0.5368462 0.0001384 -0.1367122 0.1502291 0.7399388 0.6412734 2415317.6766767
0.8330538 0.5421043 0.0001393 0.0814594 0.1860736 0.8871848 -0.4142995 2415318.0420421
0.8295034 0.5473403 0.0001402 -0.2031179 -0.0014582 0.0167051 0.9790107 2415318.4074074
0.8259196 0.5525542 0.0001411 -0.0841224 0.1848849 0.9008028 0.3837907 2415318.7727728
0.8223023 0.5577456 0.0001420 -0.1345413 -0.1521764 -0.7176300 0.6661443 2415319.1381382
0.8186519 0.5629144 0.0001428 -0.1938005 0.0608307 0.3157903 0.9268319 2415319.5035035
0.8149685 0.5680603 0.0001437 -0.0234449 0.2017656 0.9750625 0.0894098 2415319.8688689
0.8112522 0.5731831 0.0001445 -0.1746882 -0.1036487 -0.4790813 0.8539450 2415320.2342343
0.8075031 0.5782826 0.0001454 -0.1658508 0.1172712 0.5845151 0.7855464 2415320.5995996
0.8037215 0.5833586 0.0001463 0.0394866 0.1992481 0.9555784 -0.2135670 2415320.9649650
0.7999074 0.5884108 0.0001471 -0.1980403 -0.0451560 -0.1944731 0.9596464 2415321.3303303
0.7960612 0.5934391 0.0001480 -0.1219559 0.1624370 0.7970438 0.5687374 2415321.6956957
0.7921828 0.5984433 0.0001489 0.0986218 0.1775747 0.8442238 -0.4960113 2415322.0610611
0.7882725 0.6034230 0.0001498 -0.2023524 0.0176781 0.1088320 0.9730861 2415322.4264264
0.7843305 0.6083782 0.0001507 -0.0663360 0.1919858 0.9329437 0.2972492 2415322.7917918
0.7803568 0.6133086 0.0001516 -0.1482753 -0.1388288 -0.6517044 0.7307683 2415323.1571572
0.7763518 0.6182141 0.0001525 -0.1872100 0.0788125 0.4016738 0.8929721 2415323.5225225
0.7723155 0.6230943 0.0001534 -0.0043383 0.2030768 0.9791491 -0.0028169 2415323.8878879
0.7682481 0.6279492 0.0001543 -0.1836734 -0.0867357 -0.3965293 0.8952684 2415324.2532533
0.7641499 0.6327786 0.0001553 -0.1540690 0.1323698 0.6558982 0.7270066 2415324.6186186
0.7600209 0.6375822 0.0001563 0.0580764 0.1946437 0.9312180 -0.3026121 2415324.9839840
0.7558613 0.6423599 0.0001572 -0.2014128 -0.0263037 -0.1032313 0.9736962 2415325.3493494
0.7516713 0.6471114 0.0001582 -0.1061154 0.1732008 0.8470637 0.4911457 2415325.7147147
0.7474512 0.6518367 0.0001593 -0.1149075 -0.1674971 -0.7937583 0.5733139 2415326.0800801
0.7432010 0.6565354 0.0001603 -0.1997881 0.0366571 0.1999914 0.9585116 2415326.4454455
0.7389209 0.6612076 0.0001613 -0.0479598 0.1973800 0.9567914 0.2080654 2415326.8108108
0.7346111 0.6658529 0.0001624 -0.1606912 -0.1242471 -0.5799856 0.7888965 2415327.1761762
0.7302718 0.6704712 0.0001635 -0.1789553 0.0960938 0.4839867 0.8511744 2415327.5415416
0.7259032 0.6750623 0.0001645 0.0148068 0.2025828 0.9745319 -0.0950185 2415327.9069069
0.7215053 0.6796260 0.0001656 -0.1910258 -0.0690518 -0.3104524 0.9286336 2415328.2722723
0.7170785 0.6841623 0.0001668 -0.1409175 0.1462917 0.7214509 0.6620042 2415328.6376377
0.7126227 0.6886709 0.0001679 0.0761499 0.1883088 0.8985797 -0.3889672 2415329.0030030
0.7081383 0.6931516 0.0001690 -0.2029949 -0.0072177 -0.0110719 0.9790906 2415329.3683684
0.7036254 0.6976043 0.0001701 -0.0893316 0.1824250 0.8895539 0.4091881 2415329.7337337
0.6990841 0.7020288 0.0001713 -0.1301717 -0.1559306 -0.7362369 0.6455202 2415330.0990991
0.6945145 0.7064250 0.0001724 -0.1954476 0.0553104 0.2893731 0.9354166 2415330.4644645
0.6899170 0.7107926 0.0001735 -0.0291572 0.2010196 0.9721340 0.1170321 2415330.8298298
0.6852915 0.7151316 0.0001747 -0.1716786 -0.1085609 -0.5031112 0.8400119 2415331.1951952
0.6806384 0.7194417 0.0001758 -0.1691097 0.1125207 0.5619973 0.8018104 2415331.5605606
0.6759576 0.7237227 0.0001769 0.0338204 0.2002878 0.9612519 -0.1863755 2415331.9259259
0.6712495 0.7279746 0.0001781 -0.1966801 -0.0507539 -0.2216159 0.9537439 2415332.2912913
0.6665142 0.7321970 0.0001792 -0.1265133 0.1589132 0.7805905 0.5911172 2415332.6566567
0.6617517 0.7363899 0.0001803 0.0935464 0.1803000 0.8579538 -0.4718647 2415333.0220220
0.6569624 0.7405530 0.0001813 -0.2027724 0.0119326 0.0811859 0.9757817 2415333.3873874
0.6521463 0.7446863 0.0001824 -0.0717537 0.1900274 0.9241366 0.3235932 2415333.7527528
0.6473036 0.7487894 0.0001835 -0.1442787 -0.1429778 -0.6721709 0.7119883 2415334.1181181
0.6424346 0.7528622 0.0001845 -0.1893697 0.0734719 0.3761824 0.9040065 2415334.4834835
0.6375393 0.7569046 0.0001855 -0.0100955 0.2028721 0.9788351 0.0249585 2415334.8488489
0.6326180 0.7609164 0.0001865 -0.1811399 -0.0919095 -0.4217646 0.8836603 2415335.2142142
0.6276708 0.7648973 0.0001874 -0.1577608 0.1279474 0.6350122 0.7453190 2415335.5795796
0.6226979 0.7688472 0.0001884 0.0525332 0.1962123 0.9394270 -0.2760758 2415335.9449450
0.6176995 0.7727660 0.0001893 -0.2005859 -0.0320049 -0.1308093 0.9703762 2415336.3103103
0.6126757 0.7766534 0.0001902 -0.1109844 0.1701219 0.8327912 0.5149756 2415336.6756757
0.6076268 0.7805093 0.0001910 -0.1101114 -0.1706883 -0.8097013 0.5505677 2415337.0410411
0.6025530 0.7843334 0.0001919 -0.2007472 0.0309768 0.1727221 0.9637988 2415337.4064064
0.5974544 0.7881257 0.0001927 -0.0535379 0.1959406 0.9505045 0.2351217 2415337.7717718
0.5923313 0.7918859 0.0001935 -0.1571032 -0.1287541 -0.6021298 0.7721274 2415338.1371372
0.5871838 0.7956139 0.0001942 -0.1816084 0.0909802 0.4596478 0.8645605 2415338.5025025
0.5820121 0.7993094 0.0001950 0.0090560 0.2029212 0.9768350 -0.0673370 2415338.8678679
0.5768164 0.8029724 0.0001957 -0.1889908 -0.0744412 -0.3366688 0.9194537 2415339.2332332
0.5715970 0.8066026 0.0001963 -0.1450094 0.1422367 0.7023824 0.6822023 2415339.5985986
0.5663540 0.8101999 0.0001970 0.0707791 0.1903926 0.9092514 -0.3633219 2415339.9639640
0.5610876 0.8137640 0.0001976 -0.2027086 -0.0129714 -0.0388400 0.9783826 2415340.3293293
0.5557981 0.8172949 0.0001982 -0.0944690 0.1798183 0.8775890 0.4342562 2415340.6946947
0.5504857 0.8207924 0.0001988 -0.1256974 -0.1595593 -0.7542512 0.6243766 2415341.0600601
0.5451506 0.8242563 0.0001993 -0.1969375 0.0497455 0.2627229 0.9432485 2415341.4254254
0.5397929 0.8276864 0.0001999 -0.0348461 0.2001119 0.9684231 0.1445602 2415341.7907908
0.5344129 0.8310825 0.0002004 -0.1685310 -0.1133857 -0.5267363 0.8254029 2415342.1561562
0.5290109 0.8344446 0.0002009 -0.1722326 0.1076798 0.5390273 0.8174292 2415342.5215215
0.5235870 0.8377724 0.0002013 0.0281269 0.2011663 0.9661517 -0.1590340 2415342.8868869
0.5181415 0.8410659 0.0002018 -0.1951617 -0.0563110 -0.2485803 0.9470738 2415343.2522523
0.5126746 0.8443247 0.0002022 -0.1309689 0.1552616 0.7635089 0.6130213 2415343.6176176
0.5071865 0.8475489 0.0002026 0.0883958 0.1828803 0.8709933 -0.4473384 2415343.9829830
0.5016774 0.8507381 0.0002030 -0.2030292 0.0061775 0.0534746 0.9776919 2415344.3483484
0.4961477 0.8538924 0.0002034 -0.0771137 0.1879162 0.9145858 0.3496767 2415344.7137137
0.4905974 0.8570114 0.0002037 -0.1401661 -0.1470118 -0.6920964 0.6926352 2415345.0790791
0.4850269 0.8600952 0.0002041 -0.1913771 0.0680721 0.3503883 0.9143134 2415345.4444445
0.4794364 0.8631435 0.0002044 -0.0158446 0.2025042 0.9777332 0.0527137 2415345.8098098
0.4738261 0.8661562 0.0002048 -0.1784606 -0.0970094 -0.4466605 0.8713411 2415346.1751752
0.4681963 0.8691332 0.0002051 -0.1613257 0.1234222 0.6136153 0.7630316 2415346.5405406
0.4625472 0.8720742 0.0002054 0.0469479 0.1976232 0.9468801 -0.2493172 2415346.9059059
0.4568790 0.8749793 0.0002057 -0.1995976 -0.0376803 -0.1582821 0.9662752 2415347.2712713
0.4511920 0.8778482 0.0002060 -0.1157642 0.1669062 0.8178485 0.5383910 2415347.6366366
0.4454865 0.8806808 0.0002063 -0.1052266 -0.1737423 -0.8249927 0.5273785 2415348.0020020
0.4397627 0.8834771 0.0002066 -0.2015450 0.0252714 0.1453138 0.9683103 2415348.3673674
0.4340207 0.8862368 0.0002070 -0.0590729 0.1943435 0.9434526 0.2619888 2415348.7327327
0.4282610 0.8889599 0.0002073 -0.1533887 -0.1331575 -0.6237894 0.7547369 2415349.0980981
0.4224838 0.8916462 0.0002076 -0.1841154 0.0857935 0.4349390 0.8772508 2415349.4634635
0.4166892 0.8942956 0.0002079 0.0032978 0.2030964 0.9783520 -0.0396014 2415349.8288288
0.4108775 0.8969080 0.0002082 -0.1868038 -0.0797707 -0.3626142 0.9095339 2415350.1941942
0.4050491 0.8994834 0.0002086 -0.1489847 0.1380673 0.6827487 0.7018513 2415350.5595596
0.3992041 0.9020215 0.0002089 0.0653514 0.1923232 0.9191914 -0.3373842 2415350.9249249
0.3933428 0.9045224 0.0002093 -0.2022592 -0.0187146 -0.0665768 0.9768872 2415351.2902903
0.3874655 0.9069858 0.0002097 -0.0995303 0.1770670 0.8649179 0.4589749 2415351.6556557
0.3815724 0.9094117 0.0002100 -0.1211220 -0.1630597 -0.7716586 0.6027305 2415352.0210210
0.3756637 0.9118001 0.0002104 -0.1982690 0.0441407 0.2358613 0.9503212 2415352.3863864
0.3697398 0.9141507 0.0002108 -0.0405069 0.1990432 0.9639329 0.1719720 2415352.7517518
0.3638008 0.9164636 0.0002113 -0.1652478 -0.1181194 -0.5499374 0.8101295 2415353.1171171
0.3578471 0.9187387 0.0002117 -0.1752170 0.1027523 0.5156235 0.8323902 2415353.4824825
0.3518788 0.9209758 0.0002121 0.0224109 0.2018831 0.9702741 -0.1315644 2415353.8478479
0.3458963 0.9231748 0.0002126 -0.1934863 -0.0618228 -0.2753446 0.9396416 2415354.2132132
0.3398997 0.9253358 0.0002130 -0.1353192 0.1514851 0.7458130 0.6344320 2415354.5785786
0.3338894 0.9274587 0.0002135 0.0831740 0.1853135 0.8833319 -0.4224521 2415354.9439440
0.3278655 0.9295432 0.0002140 -0.2031227 0.0004175 0.0257202 0.9788153 2415355.3093093
0.3218284 0.9315895 0.0002145 -0.0824116 0.1856538 0.9042990 0.3754788 2415355.6746747
0.3157782 0.9335974 0.0002150 -0.1359407 -0.1509276 -0.7114650 0.6727247 2415356.0400400
0.3097152 0.9355669 0.0002155 -0.1932306 0.0626176 0.3243122 0.9238845 2415356.4054054
0.3036397 0.9374978 0.0002161 -0.0215809 0.2019735 0.9758445 0.0804266 2415356.7707708
0.2975518 0.9393902 0.0002166 -0.1756378 -0.1020312 -0.4711969 0.8583207 2415357.1361361
0.2914519 0.9412439 0.0002171 -0.1647609 0.1187976 0.5917245 0.7801302 2415357.5015015
0.2853401 0.9430589 0.0002176 0.0413247 0.1988750 0.9535711 -0.2223580 2415357.8668669
0.2792167 0.9448352 0.0002182 -0.1984488 -0.0433254 -0.1856274 0.9613966 2415358.2322322
0.2730819 0.9465726 0.0002187 -0.1204508 0.1635562 0.8022475 0.5613732 2415358.5975976
0.2669359 0.9482711 0.0002192 -0.1002573 -0.1766564 -0.8396202 0.5037648 2415358.9629630
0.2607791 0.9499306 0.0002197 -0.2021806 0.0195458 0.1177886 0.9720426 2415359.3283283
0.2546116 0.9515511 0.0002202 -0.0645604 0.1925902 0.9356415 0.2886450 2415359.6936937
0.2484336 0.9531325 0.0002207 -0.1495509 -0.1374538 -0.6449470 0.7367390 2415360.0590591
0.2422454 0.9546747 0.0002211 -0.1864743 0.0805378 0.4098802 0.8892352 2415360.4244244
0.2360473 0.9561777 0.0002216 -0.0024630 0.2031082 0.9790817 -0.0118338 2415360.7897898
0.2298393 0.9576414 0.0002220 -0.1844665 -0.0850360 -0.3882678 0.8988821 2415361.1551552
0.2236219 0.9590657 0.0002224 -0.1528401 0.1337868 0.6625655 0.7209355 2415361.5205205
0.2173952 0.9604506 0.0002228 0.0598712 0.1940991 0.9283917 -0.3111750 2415361.8858859
0.2111595 0.9617960 0.0002232 -0.2016471 -0.0244428 -0.0942601 0.9746056 2415362.2512513
0.2049149 0.9631018 0.0002235 -0.1045116 0.1741733 0.8515508 0.4833242 2415362.6166166
0.1986618 0.9643680 0.0002239 -0.1164492 -0.1664289 -0.7884449 0.5805994 2415362.9819820
0.1924004 0.9655944 0.0002242 -0.1994411 0.0385004 0.2088100 0.9566292 2415363.3473474
0.1861308 0.9667811 0.0002244 -0.0461352 0.1978145 0.9586669 0.1992454 2415363.7127127
0.1798535 0.9679279 0.0002247 -0.1618317 -0.1227580 -0.5726960 0.7942042 2415364.0780781
0.1735685 0.9690348 0.0002249 -0.1780604 0.0977421 0.4918047 0.8466812 2415364.4434435
0.1672763 0.9701018 0.0002251 0.0166768 0.2024374 0.9736156 -0.1039891 2415364.8088088
0.1609769 0.9711287 0.0002252 -0.1916553 -0.0672849 -0.3018874 0.9314532 2415365.1741742
0.1546707 0.9721155 0.0002254 -0.1395607 0.1475867 0.7275168 0.6553322 2415365.5395395
0.1483579 0.9730621 0.0002255 0.0778854 0.1875976 0.8949595 -0.3972259 2415365.9049049
0.1420388 0.9739686 0.0002255 -0.2030529 -0.0053429 -0.0020549 0.9791510 2415366.2702703
0.1357136 0.9748348 0.0002256 -0.0876433 0.1832421 0.8932844 0.4009788 2415366.6356356
0.1293826 0.9756606 0.0002256 -0.1316060 -0.1547219 -0.7302610 0.6522729 2415367.0010010
0.1230461 0.9764460 0.0002256 -0.1949286 0.0571127 0.2979751 0.9327121 2415367.3663664
0.1167042 0.9771911 0.0002256 -0.0272998 0.2012802 0.9731705 0.1080747 2415367.7317317
0.1103573 0.9778956 0.0002255 -0.1726738 -0.1069710 -0.4953541 0.8446095 2415368.0970971
0.1040056 0.9785596 0.0002254 -0.1680635 0.1140775 0.5693575 0.7966009 2415368.4624625
0.0976495 0.9791830 0.0002253 0.0356683 0.1999670 0.9594948 -0.1952199 2415368.8278278
0.0912890 0.9797658 0.0002252 -0.1971403 -0.0489356 -0.2128233 0.9557443 2415369.1931932
0.0849246 0.9803080 0.0002250 -0.1250405 0.1600746 0.7860010 0.5839036 2415369.5585586
0.0785565 0.9808094 0.0002248 0.0952073 0.1794285 0.8535719 -0.4797457 2415369.9239239
0.0721850 0.9812701 0.0002246 -0.2026535 0.0138044 0.0901686 0.9749926 2415370.2892893
0.0658103 0.9816900 0.0002244 -0.0699959 0.1906819 0.9270774 0.3150690 2415370.6546547
0.0594326 0.9820690 0.0002241 -0.1455928 -0.1416395 -0.6655856 0.7181482 2415371.0200200
0.0530524 0.9824073 0.0002239 -0.1886832 0.0752173 0.3844916 0.9005039 2415371.3853854
0.0466698 0.9827046 0.0002236 -0.0082218 0.2029567 0.9790234 0.0159432 2415371.7507508
0.0402851 0.9829611 0.0002233 -0.1819808 -0.0902330 -0.4136090 0.8875070 2415372.1161161
0.0338986 0.9831766 0.0002230 -0.1565726 0.1293987 0.6418491 0.7394395 2415372.4814815
0.0275105 0.9833511 0.0002227 0.0543428 0.1957189 0.9368448 -0.2847153 2415372.8468469
0.0211213 0.9834847 0.0002223 -0.2008729 -0.0301514 -0.1218675 0.9715397 2415373.2122122
0.0147310 0.9835773 0.0002220 -0.1094088 0.1711395 0.8374983 0.5072845 2415373.5775776
0.0083401 0.9836288 0.0002217 -0.1116828 -0.1696643 -0.8045967 0.5580010 2415373.9429429
0.0019487 0.9836394 0.0002213 -0.2004527 0.0328291 0.1815905 0.9621673 2415374.3083083
-0.0044428 0.9836089 0.0002209 -0.0517263 0.1964266 0.9526294 0.2263584 2415374.6736737
-0.0108341 0.9835374 0.0002206 -0.1582854 -0.1272979 -0.5949937 0.7776397 2415375.0390390
-0.0172251 0.9834248 0.0002202 -0.1807606 0.0926533 0.4675902 0.8602909 2415375.4044044
-0.0236153 0.9832712 0.0002198 0.0109293 0.2028289 0.9761735 -0.0763300 2415375.7697698
-0.0300045 0.9830765 0.0002195 -0.1896701 -0.0726929 -0.3281872 0.9225151 2415376.1351351
-0.0363924 0.9828409 0.0002191 -0.1436898 0.1435697 0.7086351 0.6757050 2415376.5005005
-0.0427787 0.9825641 0.0002188 0.0725341 0.1897309 0.9058670 -0.3716799 2415376.8658659
-0.0491632 0.9822464 0.0002184 -0.2028197 -0.0110990 -0.0298283 0.9786988 2415377.2312312
-0.0555456 0.9818877 0.0002181 -0.0928045 0.1806830 0.8815509 0.4261560 2415377.5965966
-0.0619256 0.9814880 0.0002177 -0.1271654 -0.1583918 -0.7484693 0.6312961 2415377.9619620
-0.0683028 0.9810474 0.0002174 -0.1964698 0.0515619 0.2713983 0.9407890 2415378.3273273
-0.0746771 0.9805658 0.0002171 -0.0329968 0.2004251 0.9697133 0.1356358 2415378.6926927
-0.0810481 0.9800434 0.0002168 -0.1695708 -0.1118247 -0.5191127 0.8302186 2415379.0580581
-0.0874156 0.9794801 0.0002165 -0.1712310 0.1092656 0.5465323 0.8124306 2415379.4234234
-0.0937793 0.9788759 0.0002162 0.0299833 0.2008980 0.9646462 -0.1679246 2415379.7887888
-0.1001388 0.9782310 0.0002159 -0.1956733 -0.0545065 -0.2398480 0.9493229 2415380.1541542
-0.1064940 0.9775454 0.0002157 -0.1295297 0.1564643 0.7691219 0.6059641 2415380.5195195
-0.1128446 0.9768190 0.0002154 0.0900807 0.1820563 0.8668368 -0.4553405 2415380.8848849
-0.1191902 0.9760520 0.0002152 -0.2029635 0.0080520 0.0624760 0.9771580 2415381.2502503
-0.1255306 0.9752444 0.0002149 -0.0753752 0.1886202 0.9177672 0.3412393 2415381.6156156
-0.1318656 0.9743963 0.0002147 -0.1415176 -0.1457113 -0.6856885 0.6989794 2415381.9809810
-0.1381949 0.9735077 0.0002145 -0.1907404 0.0698364 0.3587935 0.9110479 2415382.3463463
-0.1445182 0.9725786 0.0002143 -0.0139740 0.2026419 0.9781772 0.0437074 2415382.7117117
-0.1508353 0.9716092 0.0002141 -0.1793488 -0.0953574 -0.4386173 0.8754175 2415383.0770771
-0.1571459 0.9705995 0.0002140 -0.1601792 0.1249065 0.6206161 0.7573484 2415383.4424424
-0.1634497 0.9695495 0.0002138 0.0487707 0.1971812 0.9445440 -0.2580266 2415383.8078078
-0.1697465 0.9684593 0.0002136 -0.1999370 -0.0358356 -0.1493768 0.9676919 2415384.1731732
-0.1760360 0.9673290 0.0002135 -0.1142181 0.1679680 0.8227719 0.5308365 2415384.5385385
-0.1823181 0.9661586 0.0002133 -0.1068264 -0.1727632 -0.8201010 0.5349536 2415384.9039039
-0.1885923 0.9649483 0.0002131 -0.2013030 0.0271314 0.1542249 0.9669310 2415385.2692693
-0.1948586 0.9636980 0.0002129 -0.0572758 0.1948807 0.9458253 0.2532893 2415385.6346346
