-3.2249041 -4.3204526 0.0899144 -0.0140780 -0.0132668 0.9090855 -0.4161603  2415021.0000000
-3.1989876 -4.3384427 0.0894063 0.0138756 -0.0134783 0.3756001 0.9265799    2415025.3363363
-3.1729579 -4.3562797 0.0888951 -0.0128523 -0.0144574 0.9422657 -0.3343069  2415029.6726727
-3.1468170 -4.3739631 0.0883806 0.0150110 -0.0122012 0.2923611 0.9561123    2415034.0090090
-3.1205613 -4.3914896 0.0878631 -0.0115262 -0.0155353 0.9680927 -0.2498446  2415038.3453453
-3.0941954 -4.4088606 0.0873424 0.0160292 -0.0108288 0.2068405 0.9781834    2415042.6816817
-3.0677211 -4.4260723 0.0868186 -0.0101103 -0.0164919 0.9863648 -0.1634326  2415047.0180180
-3.0411358 -4.4431295 0.0862917 0.0169223 -0.0093720 0.1197057 0.9926209    2415051.3543543
-2.7955087 -4.5912668 0.0813902 0.0186606 -0.0050744 -0.1198213 0.9926071 2415055.6906907
-2.7678694 -4.6066762 0.0808326 -0.0042452 -0.0188665 0.9863459 0.1635474 2415060.0270270
-2.7401273 -4.6219191 0.0802723 0.0190356 -0.0034077 -0.2069543 0.9781595 2415064.3633633
-2.7122887 -4.6369967 0.0797091 -0.0025636 -0.0191676 0.9680637 0.2499572 2415068.6996997
-2.6843538 -4.6519067 0.0791430 0.0192621 -0.0017145 -0.2924722 0.9560785 2415073.0360360
-2.6563206 -4.6666517 0.0785740 -0.0008620 -0.0193190 0.9422270 0.3344164 2415077.3723724
-2.6281924 -4.6812284 0.0780022 0.0193383 -0.0000078 -0.3757078 0.9265364 2415081.7087087
-2.5999691 -4.6956340 0.0774277 0.0008463 -0.0193197 0.9090373 0.4162659 2415086.0450450
-2.5716538 -4.7098740 0.0768503 0.0192635 0.0016989 -0.4560114 0.8897638 2415090.3813814
-2.5432450 -4.7239431 0.0762701 0.0025481 -0.0191697 0.8687536 0.4948669 2415094.7177177
-2.5147423 -4.7378421 0.0756873 0.0190384 0.0033923 -0.5327564 0.8460476 2415099.0540540
-2.4861516 -4.7515692 0.0751017 0.0042299 -0.0188700 0.8216903 0.5696061 2415103.3903904
-2.4574711 -4.7651250 0.0745133 0.0186647 0.0050593 -0.6053439 0.7957291 2415107.7267267
-2.4287000 -4.7785115 0.0739222 0.0058787 -0.0184231 0.7682147 0.6399001 2415112.0630630
-2.3998418 -4.7917219 0.0733286 0.0181454 0.0066868 -0.6732073 0.7392009 2415116.3993994
-2.3708960 -4.8047592 0.0727323 0.0074817 -0.0178324 0.7087441 0.7052005 2415120.7357357
-2.3418671 -4.8176244 0.0721332 0.0174845 0.0082621 -0.7358172 0.6769040 2415125.0720721
-2.3127505 -4.8303146 0.0715316 0.0090263 -0.0171025 0.6437426 0.7649977 2415129.4084084
-2.2835494 -4.8428295 0.0709275 0.0166871 0.0097729 -0.7926849 0.6093247 2415133.7447447
-2.2542684 -4.8551674 0.0703207 0.0105004 -0.0162392 0.5737175 0.8188249 2415138.0810811
-2.2249036 -4.8673305 0.0697114 0.0157595 0.0112075 -0.8433667 0.5369904 2415142.4174174
-2.1954586 -4.8793183 0.0690995 0.0118926 -0.0152491 0.4992152 0.8662622 2415146.7537537
-2.1659323 -4.8911253 0.0684852 -0.0147089 -0.0125546 0.8874669 -0.4604655 2415151.0900901
-2.1363285 -4.9027561 0.0678683 0.0131920 -0.0141400 0.4208171 0.9069394 2415155.4264264
-2.1066480 -4.9142089 0.0672489 -0.0135435 -0.0138037 0.9246416 -0.3803472 2415159.7627627
-2.0768879 -4.9254822 0.0666272 0.0143884 -0.0129206 0.3391350 0.9405389 2415164.0990991
-2.0470534 -4.9365763 0.0660030 -0.0122725 -0.0149451 0.9546005 -0.2972608 2415168.4354354
-2.0171452 -4.9474882 0.0653764 0.0154726 -0.0116004 0.2548063 0.9667987 2415172.7717718
-1.9871620 -4.9582231 0.0647473 -0.0109056 -0.0159699 0.9771099 -0.2118545 2415177.1081081
-1.9571066 -4.9687748 0.0641160 0.0164360 -0.0101896 0.1684892 0.9855138 2415181.4444444
-1.9269786 -4.9791437 0.0634823 -0.0094537 -0.0168700 0.9919941 -0.1247951 2415185.7807808
-1.8967821 -4.9893324 0.0628462 0.0172711 -0.0086993 0.0808573 0.9965381 2415190.1171171
-1.8665156 -4.9993378 0.0622079 -0.0079279 -0.0176385 0.9991369 -0.0367617 2415194.4534534
-1.8361779 -5.0091604 0.0615673 0.0179715 -0.0071411 -0.0074057 0.9997856 2415198.7897898
-1.8057765 -5.0187977 0.0609244 -0.0063404 -0.0182694 0.9984827 0.0515586 2415203.1261261
-1.7753074 -5.0282516 0.0602793 0.0185316 -0.0055272 -0.0956108 0.9952309 2415207.4624625
-1.7447731 -5.0375230 0.0596319 -0.0047033 -0.0187577 0.9900365 0.1394764 2415211.7987988
-1.7141740 -5.0466064 0.0589825 0.0189471 -0.0038702 -0.1830698 0.9829097 2415216.1351351
-1.6835118 -5.0555042 0.0583308 -0.0030295 -0.0190995 0.9738643 0.2263059 2415220.4714715
-1.6527905 -5.0642177 0.0576769 0.0192147 -0.0021829 -0.2691002 0.9629180 2415224.8078078
-1.6220049 -5.0727439 0.0570210 -0.0013321 -0.0192924 0.9500922 0.3113693 2415229.1441442
-1.5911598 -5.0810837 0.0563629 0.0193324 -0.0004786 -0.3530306 0.9354119 2415233.4804805
-1.5602579 -5.0892334 0.0557029 0.0003758 -0.0193347 0.9189058 0.3940028 2415237.8168168
-1.5292977 -5.0971979 0.0550407 0.0192992 0.0012294 -0.4342060 0.9006060 2415242.1531532
-1.4982809 -5.1049749 0.0543764 0.0020806 -0.0192261 0.8805484 0.4735616 2415246.4894895
-1.4672074 -5.1125599 0.0537103 0.0191154 0.0029278 -0.5119929 0.8587720 2415250.8258258
-1.4360811 -5.1199577 0.0530420 0.0037693 -0.0189674 0.8353193 0.5494248 2415255.1621622
-1.4049030 -5.1271653 0.0523719 0.0187824 0.0046034 -0.5857843 0.8102362 2415259.4984985
-1.3736695 -5.1341843 0.0516998 0.0054285 -0.0185608 0.7835716 0.6210004 2415263.8348348
-1.3423869 -5.1410115 0.0510257 0.0183029 0.0062431 -0.6550044 0.7553775 2415268.1711712
-1.3110549 -5.1476467 0.0503499 0.0070454 -0.0180093 0.7257091 0.6877299 2415272.5075075
-1.2796736 -5.1540938 0.0496720 0.0176805 0.0078340 -0.7191130 0.6946240 2415276.8438439
-1.2482451 -5.1603477 0.0489924 0.0086073 -0.0173172 0.6621832 0.7490924 2415281.1801802
-1.2167682 -5.1664086 0.0483110 0.0169201 0.0093638 -0.7776097 0.6284498 2415285.5165165
-1.1852494 -5.1722786 0.0476277 0.0101020 -0.0164900 0.5934898 0.8046092 2415289.8528529
-1.1536846 -5.1779554 0.0469427 0.0160277 0.0108205 -0.8300381 0.5573713 2415294.1891892
-1.1220755 -5.1834400 0.0462559 0.0115179 -0.0155342 0.5201649 0.8538469 2415298.5255255
-1.0904267 -5.1887292 0.0455674 -0.0150102 -0.0121928 0.8759890 -0.4819432 2415302.8618619
-1.0587363 -5.1938251 0.0448773 0.0128439 -0.0144570 0.4427807 0.8964214 2415307.1981982
-1.0270068 -5.1987297 0.0441853 -0.0138756 -0.0134700 0.9151039 -0.4027540 2415311.5345346
-0.9952373 -5.2034361 0.0434918 0.0140697 -0.0132671 0.3619412 0.9320003 2415315.8708709
-0.9634312 -5.2079489 0.0427967 -0.0126327 -0.0146420 0.9470775 -0.3204219 2415320.2072072
-0.9315913 -5.2122669 0.0420999 0.0151857 -0.0119736 0.2782771 0.9603061 2415324.5435436
-0.8997135 -5.2163899 0.0414016 -0.0112912 -0.0156998 0.9716603 -0.2355892 2415328.8798799
-0.8678019 -5.2203172 0.0407016 0.0161832 -0.0105867 0.1924415 0.9811179 2415333.2162162
-0.8358596 -5.2240455 0.0400003 -0.0098616 -0.0166350 0.9886604 -0.1489181 2415337.5525526
-0.8038850 -5.2275808 0.0392973 0.0170543 -0.0091172 0.1051040 0.9942732 2415341.8888889
-0.7718807 -5.2309192 0.0385929 -0.0083550 -0.0174404 0.9979452 -0.0610848 2415346.2252252
-0.7398447 -5.2340586 0.0378871 0.0177924 -0.0075765 0.0169463 0.9996694 2415350.5615616
-0.7077833 -5.2370016 0.0371798 -0.0067832 -0.0181097 0.9994423 0.0272252 2415354.8978979
-0.6756962 -5.2397471 0.0364710 0.0183917 -0.0059767 -0.0713436 0.9972643 2415359.2342342
-0.6435801 -5.2422960 0.0357610 -0.0051585 -0.0186377 0.9931398 0.1153227 2415363.5705706
-0.6114417 -5.2446455 0.0350495 0.0188474 -0.0043303 -0.1590767 0.9870768 2415367.9069069
-0.5792796 -5.2467952 0.0343368 -0.0034935 -0.0190203 0.9790871 0.2025203 2415372.2432432
-0.5470966 -5.2487496 0.0336227 0.0191560 -0.0026500 -0.2455685 0.9691863 2415376.5795796
-0.5148917 -5.2505034 0.0329074 -0.0018013 -0.0192544 0.9573938 0.2881374 2415380.9159159
-0.4826660 -5.2520575 0.0321908 0.0193151 -0.0009491 -0.3301439 0.9437325 2415385.2522523
-0.4504249 -5.2534132 0.0314730 -0.0000950 -0.0193382 0.9282291 0.3715060 2415389.5885886
-0.4181652 -5.2545687 0.0307540 0.0193236 0.0007593 -0.4121429 0.9109140 2415393.9249249
-0.3858884 -5.2555264 0.0300338 0.0016120 -0.0192712 0.8918208 0.4519754 2415398.2612613
-0.3535984 -5.2562808 0.0293125 0.0191812 0.0024617 -0.4909256 0.8709868 2415402.5975976
-0.3212944 -5.2568368 0.0285901 0.0033065 -0.0190537 0.8484528 0.5289176 2415406.9339339
-0.2889788 -5.2571938 0.0278665 0.0188891 0.0041449 -0.5658772 0.8242627 2415411.2702703
-0.2566505 -5.2573479 0.0271420 0.0049752 -0.0186876 0.7984637 0.6017323 2415415.6066066
-0.2243127 -5.2573021 0.0264164 0.0184496 0.0057957 -0.6364129 0.7711061 2415419.9429429
-0.1919692 -5.2570550 0.0256898 0.0066050 -0.0181756 0.7422435 0.6698512 2415424.2792793
-0.1596146 -5.2566082 0.0249621 0.0178661 0.0074014 -0.7019821 0.7119320 2415428.6156156
-0.1272551 -5.2559595 0.0242336 0.0081833 -0.0175217 0.6802309 0.7327427 2415432.9519519
-0.0948911 -5.2551072 0.0235041 0.0171432 0.0089492 -0.7620731 0.6472021 2415437.2882883
-0.0625237 -5.2540562 0.0227737 0.0096977 -0.0167312 0.6129100 0.7899160 2415441.6246246
-0.0301541 -5.2528037 0.0220424 0.0162865 0.0104273 -0.8162171 0.5774216 2415445.9609609
0.0022196 -5.2513472 0.0213104 0.0111365 -0.0158100 0.5408061 0.8409250 2415450.2972973
0.0345898 -5.2496898 0.0205774 0.0153027 0.0118240 -0.8639915 0.5031350 2415454.6336336
0.0669589 -5.2478298 0.0198437 0.0124883 -0.0147655 0.4644818 0.8853715 2415458.9699700
0.0993275 -5.2457700 0.0191092 -0.0141995 -0.0131283 0.9050234 -0.4249220 2415463.3063063
0.1316914 -5.2435056 0.0183740 0.0137427 -0.0136058 0.3845327 0.9229088 2415467.6426426
0.1640501 -5.2410377 0.0176382 -0.0129855 -0.0143303 0.9389927 -0.3433930 2415471.9789790
0.1964014 -5.2383710 0.0169015 0.0148899 -0.0123398 0.3015829 0.9532438 2415476.3153153
0.2287464 -5.2354995 0.0161643 -0.0116701 -0.0154204 0.9656343 -0.2591842 2415480.6516516
0.2610840 -5.2324260 0.0154264 0.0159208 -0.0109776 0.2162795 0.9761399 2415484.9879880
0.2934081 -5.2291488 0.0146879 -0.0102637 -0.0163902 0.9847403 -0.1729528 2415489.3243243
0.3257226 -5.2256700 0.0139489 0.0168275 -0.0095297 0.1292884 0.9914184 2415493.6606606
0.3580252 -5.2219897 0.0132093 -0.0087771 -0.0172320 0.9961615 -0.0853717 2415497.9969970
0.3903128 -5.2181037 0.0124693 0.0176029 -0.0080074 0.0412883 0.9989601 2415502.3333333
0.4225860 -5.2140164 0.0117287 -0.0072221 -0.0179394 0.9998089 0.0028757 2415506.6696697
0.4548408 -5.2097274 0.0109876 0.0182409 -0.0064227 -0.0470340 0.9987061 2415511.0060060
0.4870811 -5.2052339 0.0102462 -0.0056107 -0.0185068 0.9956539 0.0911005 2415515.3423423
0.5193007 -5.2005381 0.0095044 0.0187366 -0.0047878 -0.1349893 0.9906583 2415519.6786787
0.5514986 -5.1956389 0.0087622 -0.0039555 -0.0189298 0.9837291 0.1786145 2415524.0150150
0.5836775 -5.1905385 0.0080196 0.0190860 -0.0031155 -0.2218911 0.9748797 2415528.3513513
0.6158326 -5.1852349 0.0072767 -0.0022695 -0.0192050 0.9641274 0.2647346 2415532.6876877
0.6479640 -5.1797257 0.0065336 0.0192865 -0.0014190 -0.3070613 0.9514932 2415537.0240240
0.6800687 -5.1740174 0.0057902 -0.0005657 -0.0193304 0.9370018 0.3487887 2415541.3603603
0.7121475 -5.1681053 0.0050465 0.0193365 0.0002887 -0.3898353 0.9206815 2415545.6966967
0.7442005 -5.1619898 0.0043027 0.0011425 -0.0193049 0.9025641 0.4301210 2415550.0330330
0.7762216 -5.1556717 0.0035587 0.0192356 0.0019941 -0.4695671 0.8826850 2415554.3693694
0.8082120 -5.1491507 0.0028146 0.0028418 -0.0191287 0.8610829 0.5080966 2415558.7057057
0.8401729 -5.1424302 0.0020703 0.0189846 0.0036839 -0.5456344 0.8378001 2415563.0420420
0.8720996 -5.1355038 0.0013260 0.0045189 -0.0188033 0.8128820 0.5821072 2415567.3783784
0.9039925 -5.1283753 0.0005816 0.0185854 0.0053450 -0.6174438 0.7863773 2415571.7147147
0.9358476 -5.1210467 -0.0001628 0.0061607 -0.0183311 0.7583376 0.6515751 2415576.0510511
0.9676681 -5.1135150 -0.0009072 0.0180411 0.0069644 -0.6844347 0.7288176 2415580.3873874
0.9994514 -5.1057811 -0.0016516 0.0077545 -0.0177159 0.6978752 0.7159583 2415584.7237237
1.0311917 -5.0978443 -0.0023959 0.0173561 0.0085294 -0.7460844 0.6655705 2415589.0600601
1.0628935 -5.0897070 -0.0031401 0.0092877 -0.0169624 0.6319667 0.7747543 2415593.3963964
1.0945527 -5.0813695 -0.0038842 0.0165357 0.0100279 -0.8019118 0.5971293 2415597.7327327
1.1261694 -5.0728271 -0.0046281 0.0107485 -0.0160766 0.5611264 0.8275042 2415602.0690691
1.1577404 -5.0640851 -0.0053718 0.0155862 0.0114481 -0.8514813 0.5240283 2415606.4054054
1.1892643 -5.0551428 -0.0061154 0.0121254 -0.0150653 0.4859073 0.8737964 2415610.7417418
1.2207439 -5.0459983 -0.0068587 -0.0145150 -0.0127790 0.8944059 -0.4468378 2415615.0780781
1.2521733 -5.0366537 -0.0076017 0.0134077 -0.0139364 0.4068962 0.9132697 2415619.4144144
1.2835517 -5.0271066 -0.0083444 -0.0133306 -0.0140101 0.9303508 -0.3661603 2415623.7507508
1.3148807 -5.0173622 -0.0090868 0.0145853 -0.0126987 0.3247097 0.9456160 2415628.0870871
1.3461567 -5.0074159 -0.0098289 -0.0120421 -0.0151320 0.9590354 -0.2826254 2415632.4234234
1.3773794 -4.9972680 -0.0105704 0.0156491 -0.0113620 0.2399893 0.9705829 2415636.7597598
1.4085456 -4.9869230 -0.0113117 -0.0106597 -0.0161357 0.9802359 -0.1968849 2415641.0960961
1.4396557 -4.9763773 -0.0120524 0.0165908 -0.0099366 0.1533961 0.9879755 2415645.4324324
1.4707110 -4.9656325 -0.0127927 -0.0091941 -0.0170135 0.9937868 -0.1096079 2415649.7687688
1.5017036 -4.9546874 -0.0135324 0.0174030 -0.0084336 0.0656058 0.9976582 2415654.1051051
1.5326371 -4.9435441 -0.0142716 -0.0076567 -0.0177585 0.9995823 -0.0214756 2415658.4414415
1.5635098 -4.9322044 -0.0150103 0.0180794 -0.0068648 -0.0226965 0.9995553 2415662.7777778
1.5943194 -4.9206636 -0.0157483 -0.0060596 -0.0183650 0.9975773 0.0668243 2415667.1141141
1.6250653 -4.9089246 -0.0164857 0.0186147 -0.0052425 -0.1108217 0.9936521 2415671.4504505
1.6557428 -4.8969902 -0.0172225 -0.0044151 -0.0188281 0.9877874 0.1546027 2415675.7867868
1.6863569 -4.8848572 -0.0179585 0.0190048 -0.0035792 -0.1980820 0.9799947 2415680.1231231
1.7169028 -4.8725276 -0.0186938 -0.0027363 -0.0191443 0.9702890 0.2411747 2415684.4594595
1.7473770 -4.8599992 -0.0194283 0.0192465 -0.0018880 -0.2837966 0.9586895 2415688.7957958
1.7777817 -4.8472764 -0.0201621 -0.0010360 -0.0193111 0.9452187 0.3258645 2415693.1321321
1.8081145 -4.8343588 -0.0208951 0.0193381 -0.0001820 -0.3672964 0.9299029 2415697.4684685
1.8383750 -4.8212417 -0.0216271 0.0006723 -0.0193272 0.9127720 0.4080114 2415701.8048048
1.8685597 -4.8079316 -0.0223583 0.0192787 0.0015253 -0.4479300 0.8938595 2415706.1411412
1.8986672 -4.7944260 -0.0230886 0.0023754 -0.0191925 0.8732022 0.4869742 2415710.4774775
1.9287009 -4.7807264 -0.0238180 0.0190689 0.0032208 -0.5250679 0.8508406 2415714.8138138
1.9586545 -4.7668318 -0.0245464 0.0040599 -0.0189080 0.8268182 0.5621368 2415719.1501502
1.9885274 -4.7527420 -0.0252737 0.0187102 0.0048911 -0.5981084 0.8011819 2415723.4864865
2.0183208 -4.7384617 -0.0260001 0.0057128 -0.0184759 0.7739817 0.6329125 2415727.8228228
2.0480309 -4.7239867 -0.0267254 0.0182056 0.0065233 -0.6664813 0.7452709 2415732.1591592
2.0776594 -4.7093179 -0.0274496 0.0073211 -0.0178997 0.7151053 0.6987492 2415736.4954955
2.1071999 -4.6944587 -0.0281727 0.0175588 0.0081046 -0.7296531 0.6835439 2415740.8318318
2.1366558 -4.6794071 -0.0288946 0.0088722 -0.0171837 0.6506484 0.7591329 2415745.1681682
2.1660261 -4.6641645 -0.0296154 0.0167751 0.0096226 -0.7871309 0.6164828 2415749.5045045
2.1953048 -4.6487297 -0.0303349 0.0103542 -0.0163337 0.5811139 0.8135925 2415753.8408408
2.2244948 -4.6331047 -0.0310532 0.0158604 0.0110655 -0.8384660 0.5446107 2415758.1771772
2.2535932 -4.6172925 -0.0317703 0.0117553 -0.0153562 0.5070445 0.8617029 2415762.5135135
2.2826003 -4.6012871 -0.0324859 -0.0148220 -0.0124221 0.8832579 -0.4684885 2415766.8498498
2.3115129 -4.5850937 -0.0332003 0.0130647 -0.0142588 0.4290182 0.9030888 2415771.1861862
2.3403284 -4.5687129 -0.0339133 -0.0136678 -0.0136817 0.9211570 -0.3887104 2415775.5225225
2.3690503 -4.5521436 -0.0346249 0.0142721 -0.0130502 0.3476439 0.9374272 2415779.8588588
2.3976748 -4.5353873 -0.0353351 -0.0124071 -0.0148346 0.9518676 -0.3058988 2415784.1951952
2.4261981 -4.5184411 -0.0360438 0.0153682 -0.0117397 0.2635567 0.9644500 2415788.5315315
2.4546224 -4.5013119 -0.0367511 -0.0110494 -0.0158717 0.9751500 -0.2207001 2415792.8678679
2.4829451 -4.4839966 -0.0374568 0.0163443 -0.0103376 0.1774127 0.9839465 2415797.2042042
2.5111669 -4.4664936 -0.0381610 -0.0096056 -0.0167849 0.9908225 -0.1337791 2415801.5405405
2.5392829 -4.4488070 -0.0388636 0.0171929 -0.0088548 0.0898843 0.9957644 2415805.8768769
2.5672924 -4.4309362 -0.0395646 -0.0080868 -0.0175672 0.9987628 -0.0458140 2415810.2132132
2.5951993 -4.4128826 -0.0402639 0.0179073 -0.0073030 0.0016544 0.9998116 2415814.5495495
2.6229960 -4.3946447 -0.0409616 -0.0065049 -0.0182124 0.9989089 0.0425085 2415818.8858859
2.6506843 -4.3762230 -0.0416575 0.0184819 -0.0056941 -0.0865884 0.9960564 2415823.2222222
2.6782618 -4.3576225 -0.0423518 -0.0048722 -0.0187154 0.9912598 0.1304993 2415827.5585585
2.7057287 -4.3388392 -0.0430443 0.0189123 -0.0040408 -0.1741555 0.9845282 2415831.8948949
2.7330841 -4.3198741 -0.0437350 -0.0032015 -0.0190724 0.9758750 0.2174718 2415836.2312312
2.7603227 -4.3007304 -0.0444239 0.0191952 -0.0023559 -0.2603635 0.9653170 2415840.5675675
2.7874477 -4.2814064 -0.0451109 -0.0015058 -0.0192805 0.9528747 0.3027471 2415844.9039039
2.8144576 -4.2619053 -0.0457960 0.0193282 -0.0006527 -0.3445397 0.9385725 2415849.2402402
2.8413479 -4.2422233 -0.0464792 0.0002017 -0.0193382 0.9224383 0.3856598 2415853.5765766
2.8681200 -4.2223651 -0.0471605 0.0193104 0.0010557 -0.4260272 0.9045037 2415857.9129129
2.8947718 -4.2023321 -0.0478398 0.0019076 -0.0192450 0.8848035 0.4655629 2415862.2492492
2.9213033 -4.1821199 -0.0485171 0.0191419 0.0027558 -0.5041900 0.8633762 2415866.5855856
2.9477122 -4.1617335 -0.0491923 0.0035986 -0.0190015 0.8402637 0.5418329 2415870.9219219
2.9739946 -4.1411723 -0.0498655 0.0188240 0.0044344 -0.5784182 0.8155111 2415875.2582582
3.0001556 -4.1204381 -0.0505366 0.0052615 -0.0186098 0.7891667 0.6138745 2415879.5945946
3.0261895 -4.0995301 -0.0512056 0.0183593 0.0060784 -0.6481325 0.7612819 2415883.9309309
3.0520949 -4.0784474 -0.0518723 0.0068834 -0.0180729 0.7319112 0.6811255 2415888.2672673
3.0778722 -4.0571957 -0.0525370 0.0177512 0.0076749 -0.7127890 0.7011119 2415892.6036036
3.1035192 -4.0357731 -0.0531994 0.0084515 -0.0173949 0.6689440 0.7430612 2415896.9399399
3.1290381 -4.0141778 -0.0538595 0.0170046 0.0092116 -0.7718830 0.6354704 2415901.2762763
3.1544215 -3.9924143 -0.0545174 0.0099537 -0.0165812 0.6007565 0.7991981 2415905.6126126
3.1796716 -3.9704816 -0.0551730 0.0161253 0.0106764 -0.8249533 0.5648699 2415909.9489489
3.2047896 -3.9483827 -0.0558263 0.0113782 -0.0156380 0.5278808 0.8490983 2415914.2852853
3.2297706 -3.9261149 -0.0564771 -0.0151202 -0.0120579 0.8715859 -0.4898613 2415918.6216216
3.2546146 -3.9036792 -0.0571256 0.0127140 -0.0145728 0.4508856 0.8923722 2415922.9579580
3.2793197 -3.8810818 -0.0577717 -0.0139971 -0.0133452 0.9114167 -0.4110298 2415927.2942943
3.3038867 -3.8583172 -0.0584153 0.0139505 -0.0133939 0.3703718 0.9286823 2415931.6306306
3.3283146 -3.8353890 -0.0590564 -0.0127647 -0.0145285 0.9441351 -0.3289908 2415935.9669670
3.3525978 -3.8122975 -0.0596950 0.0150781 -0.0121105 0.2869676 0.9577450 2415940.3033033
3.3767398 -3.7890442 -0.0603310 -0.0114327 -0.0155983 0.9694856 -0.2443844 2415944.6396396
3.4007391 -3.7656309 -0.0609645 0.0160881 -0.0107326 0.2013241 0.9793338 2415948.9759760
3.4245917 -3.7420541 -0.0615954 -0.0100115 -0.0165465 0.9872704 -0.1578708 2415953.3123123
3.4482992 -3.7183194 -0.0622236 0.0169725 -0.0092709 0.1141094 0.9932799 2415957.6486487
3.4718578 -3.6944272 -0.0628493 -0.0085121 -0.0173655 0.9973507 -0.0701252 2415961.9849850
3.4952707 -3.6703752 -0.0634722 0.0177245 -0.0077368 0.0260042 0.9994747 2415966.3213213
3.5185329 -3.6461669 -0.0640923 -0.0069464 -0.0180490 0.9996479 0.0181676 2415970.6576577
3.5416424 -3.6218024 -0.0647098 0.0183382 -0.0061424 -0.0623039 0.9978698 2415974.9939940
3.5646033 -3.5972839 -0.0653245 -0.0053264 -0.0185916 0.9941440 0.1063186 2415979.3303303
3.5874101 -3.5726111 -0.0659364 0.0188087 -0.0045000 -0.1501258 0.9884777 2415983.6666667
3.6100631 -3.5477822 -0.0665454 -0.0036648 -0.0189891 0.9808820 0.1936399 2415988.0030030
3.6325601 -3.5228046 -0.0671516 0.0191325 -0.0028225 -0.2367761 0.9713717 2415992.3393394
3.6549015 -3.4976750 -0.0677549 -0.0019747 -0.0192385 0.9599654 0.2794501 2415996.6756757
3.6770879 -3.4723935 -0.0683553 0.0193070 -0.0011230 -0.3215787 0.9466853 2416001.0120120
3.6991131 -3.4469634 -0.0689528 -0.0002691 -0.0193377 0.9315574 0.3630795 2416005.3483484
3.7209789 -3.4213842 -0.0695472 0.0193308 0.0005853 -0.4038717 0.9146112 2416009.6846847
3.7426867 -3.3956604 -0.0701388 0.0014386 -0.0192860 0.8958797 0.4438755 2416014.0210210
3.7642317 -3.3697868 -0.0707272 0.0192037 0.0022891 -0.4830130 0.8753996 2416018.3573574
3.7856145 -3.3437679 -0.0713126 0.0031350 -0.0190839 0.8532107 0.5212076 2416022.6936937
3.8068321 -3.3176070 -0.0718949 0.0189268 0.0039749 -0.5583849 0.8293565 2416027.0300300
3.8278868 -3.2913013 -0.0724742 0.0048070 -0.0187327 0.8038835 0.5944723 2416031.3663664
3.8487773 -3.2648531 -0.0730502 0.0185021 0.0056298 -0.6293994 0.7768413 2416035.7027027
3.8694972 -3.2382629 -0.0736231 0.0064415 -0.0182354 0.7482828 0.6630979 2416040.0390391
3.8900519 -3.2115334 -0.0741929 0.0179331 0.0072407 -0.6955021 0.7182638 2416044.3753754
3.9104377 -3.1846659 -0.0747594 0.0080257 -0.0175958 0.6868427 0.7265487 2416048.7117117
3.9306538 -3.1576571 -0.0753226 0.0172241 0.0087951 -0.7561772 0.6540810 2416053.0480481
3.9506989 -3.1305127 -0.0758826 0.0095473 -0.0168189 0.6200426 0.7843297 2416057.3843844
3.9705708 -3.1032336 -0.0764394 0.0163807 0.0102809 -0.8109513 0.5847940 2416061.7207207
3.9902731 -3.0758175 -0.0769927 0.0109944 -0.0159107 0.5484038 0.8359899 2416066.0570571
4.0098000 -3.0482687 -0.0775428 0.0154095 0.0116865 -0.8593968 0.5109433 2416070.3933934
4.0291509 -3.0205856 -0.0780894 0.0123557 -0.0148783 0.4724854 0.8811263 2416074.7297297
4.0483282 -2.9927733 -0.0786326 -0.0143180 -0.0130008 0.9011358 -0.4331053 2416079.0660661
4.0673283 -2.9648293 -0.0791725 0.0136206 -0.0137298 0.3928798 0.9193864 2416083.4024024
4.0861508 -2.9367538 -0.0797088 -0.0131148 -0.0142137 0.9358425 -0.3518874 2416087.7387387
4.1047939 -2.9085532 -0.0802417 0.0147791 -0.0124742 0.3102082 0.9504719 2416092.0750751
4.1232577 -2.8802242 -0.0807711 -0.0118092 -0.0153157 0.9632461 -0.2679235 2416096.4114114
4.1415437 -2.8517691 -0.0812969 0.0158224 -0.0111212 0.2251158 0.9741400 2416100.7477477
4.1596448 -2.8231884 -0.0818191 -0.0104115 -0.0162982 0.9831326 -0.1818687 2416105.0840841
4.1775644 -2.7944845 -0.0823378 0.0167422 -0.0096815 0.1382667 0.9902062 2416109.4204204
4.1953024 -2.7656601 -0.0828529 -0.0089325 -0.0171535 0.9953470 -0.0943947 2416113.7567568
4.2128553 -2.7367116 -0.0833643 0.0175313 -0.0081661 0.0503385 0.9985449 2416118.0930931
4.2302239 -2.7076428 -0.0838720 -0.0073838 -0.0178749 0.9997938 -0.0061841 2416122.4294294
4.2474039 -2.6784575 -0.0843762 0.0181836 -0.0065871 -0.0379825 0.9990912 2416126.7657658
4.2644003 -2.6491531 -0.0848765 -0.0057775 -0.0184568 0.9964385 0.0820749 2416131.1021021
4.2812091 -2.6197324 -0.0853732 0.0186940 -0.0049566 -0.1260071 0.9918408 2416135.4384384
4.2978267 -2.5901951 -0.0858660 -0.0041261 -0.0188947 0.9853071 0.1696933 2416139.7747748
4.3142564 -2.5605451 -0.0863551 0.0190585 -0.0032875 -0.2130483 0.9768502 2416144.1111111
4.3304960 -2.5307838 -0.0868404 -0.0024425 -0.0191851 0.9664866 0.2559875 2416148.4474474
4.3465452 -2.5009071 -0.0873218 0.0192743 -0.0015927 -0.2984270 0.9542365 2416152.7837838
4.3624015 -2.4709224 -0.0877994 -0.0007398 -0.0193258 0.9401238 0.3402840 2416157.1201201
4.3780639 -2.4408286 -0.0882732 0.0193397 0.0001146 -0.3814768 0.9241761 2416161.4564564
4.3935357 -2.4106267 -0.0887429 0.0009687 -0.0193157 0.9064245 0.4219250 2416165.7927928
4.4088118 -2.3803182 -0.0892088 0.0192541 0.0018209 -0.4615496 0.8869036 2416170.1291291
4.4238913 -2.3499028 -0.0896707 0.0026696 -0.0191549 0.8656515 0.5002733 2416174.4654654
4.4387770 -2.3193865 -0.0901287 0.0190183 0.0035131 -0.5380206 0.8427098 2416178.8018018
4.4534648 -2.2887658 -0.0905827 0.0043497 -0.0188446 0.8181232 0.5747176 2416183.1381381
4.4679565 -2.2580423 -0.0910326 0.0186341 0.0051778 -0.6102929 0.7919397 2416187.4744745
4.4822476 -2.2272208 -0.0914785 0.0059958 -0.0183872 0.7642104 0.6446770 2416191.8108108
4.4963407 -2.1962999 -0.0919204 0.0181044 0.0068021 -0.6778027 0.7349895 2416196.1471471
4.5102364 -2.1652814 -0.0923581 0.0075951 -0.0177863 0.7043339 0.7096053 2416200.4834835
4.5239281 -2.1341659 -0.0927918 0.0174335 0.0083734 -0.7400230 0.6723035 2416204.8198198
4.5374200 -2.1029556 -0.0932213 0.0091352 -0.0170467 0.6389608 0.7689961 2416209.1561561
4.5507101 -2.0716544 -0.0936467 0.0166265 0.0098793 -0.7964682 0.6043710 2416213.4924925
4.5637982 -2.0402576 -0.0940679 0.0106040 -0.0161739 0.5686015 0.8223858 2416217.8288288
4.5766825 -2.0087705 -0.0944848 0.0156898 0.0113081 -0.8466981 0.5317221 2416222.1651651
4.5893607 -1.9771957 -0.0948977 0.0119901 -0.0151750 0.4938048 0.8693577 2416226.5015015
4.6018371 -1.9455316 -0.0953062 -0.0146306 -0.0126486 0.8903204 -0.4549237 2416230.8378378
4.6141082 -1.9137814 -0.0957106 0.0132825 -0.0140576 0.4151546 0.9095453 2416235.1741742
4.6261707 -1.8819432 -0.0961106 -0.0134573 -0.0138905 0.9269948 -0.3745752 2416239.5105105
4.6380280 -1.8500240 -0.0965063 0.0144714 -0.0128306 0.3332646 0.9426349 2416243.8468468
4.6496778 -1.8180223 -0.0968978 -0.0121789 -0.0150240 0.9564351 -0.2913036 2416248.1831832
4.6611208 -1.7859364 -0.0972849 0.0155473 -0.0115034 0.2487739 0.9683685 2416252.5195195
4.6723540 -1.7537724 -0.0976676 -0.0108054 -0.0160402 0.9784116 -0.2057587 2416256.8558558
4.6833763 -1.7215298 -0.0980460 0.0165018 -0.0100864 0.1623418 0.9865450 2416261.1921922
4.6941927 -1.6892107 -0.0984200 -0.0093477 -0.0169312 0.9927528 -0.1186080 2416265.5285285
4.7047963 -1.6568149 -0.0987896 0.0173276 -0.0085907 0.0746428 0.9970228 2416269.8648649
4.7151888 -1.6243436 -0.0991547 -0.0078170 -0.0176902 0.9993467 -0.0305318 2416274.2012012
4.7253701 -1.5918024 -0.0995154 0.0180182 -0.0070280 -0.0136387 0.9997199 2416278.5375375
4.7353393 -1.5591883 -0.0998717 -0.0062253 -0.0183110 0.9981418 0.0577826 2416282.8738739
4.7450972 -1.5265027 -0.1002234 0.0185681 -0.0054104 -0.1018138 0.9946155 2416287.2102102
4.7546388 -1.4937506 -0.1005707 -0.0045850 -0.0187890 0.9891477 0.1456462 2416291.5465465
4.7639684 -1.4609301 -0.1009134 0.0189732 -0.0037506 -0.1891943 0.9817492 2416295.8828829
4.7730849 -1.4280453 -0.1012516 -0.0029089 -0.0191204 0.9724344 0.2323731 2416300.2192192
4.7819845 -1.3950939 -0.1015852 0.0192302 -0.0020615 -0.2750984 0.9612215 2416304.5555556
4.7906692 -1.3620806 -0.1019142 -0.0012101 -0.0193025 0.9481324 0.3172867 2416308.8918919
4.7991384 -1.3290083 -0.1022387 0.0193371 -0.0003564 -0.3588557 0.9331927 2416313.2282282
4.8073918 -1.2958725 -0.1025585 0.0004981 -0.0193340 0.9164314 0.3997242 2416317.5645646
4.8154284 -1.2626797 -0.1028737 0.0192931 0.0013516 -0.4398125 0.8978813 2416321.9009009
4.8232451 -1.2294301 -0.1031843 0.0022025 -0.0192146 0.8775787 0.4790423 2416326.2372372
4.8308475 -1.1961256 -0.1034902 0.0190986 0.0030490 -0.5173371 0.8555631 2416330.5735736
4.8382313 -1.1627666 -0.1037915 0.0038896 -0.0189453 0.8318775 0.5546221 2416334.9099099
4.8453944 -1.1293531 -0.1040880 0.0187550 0.0047226 -0.5908245 0.8065682 2416339.2462463
4.8523399 -1.0958913 -0.1043799 0.0055464 -0.0185281 0.7796846 0.6258737 2416343.5825826
4.8590652 -1.0623801 -0.1046671 0.0182651 0.0063594 -0.6597013 0.7512790 2416347.9189189
4.8655732 -1.0288182 -0.1049494 0.0071600 -0.0179664 0.7214071 0.6922411 2416352.2552553
4.8718580 -0.9952112 -0.1052271 0.0176326 0.0079465 -0.7234298 0.6901270 2416356.5915916
4.8779220 -0.9615592 -0.1055000 0.0087176 -0.0172644 0.6574998 0.7532064 2416360.9279279
4.8837680 -0.9278645 -0.1057681 0.0168625 0.0094717 -0.7815128 0.6235893 2416365.2642643
4.8893909 -0.8941266 -0.1060314 0.0102073 -0.0164277 0.5884616 0.8082938 2416369.6006006
4.8947920 -0.8603466 -0.1062898 0.0159608 0.0109229 -0.8334971 0.5521853 2416373.9369370
4.8999707 -0.8265315 -0.1065436 0.0116172 -0.0154628 0.5148311 0.8570734 2416378.2732733
4.9049280 -0.7926765 -0.1067924 -0.0149346 -0.0122889 0.8789768 -0.4764721 2416382.6096096
4.9096638 -0.7587853 -0.1070364 0.0129366 -0.0143772 0.4371830 0.8991646 2416386.9459460
4.9141738 -0.7248603 -0.1072755 -0.0137918 -0.0135590 0.9175973 -0.3970406 2416391.2822823
4.9184619 -0.6909023 -0.1075098 0.0141549 -0.0131794 0.3561232 0.9342389 2416395.6186186
4.9225281 -0.6569144 -0.1077392 -0.0125414 -0.0147233 0.9490569 -0.3145106 2416399.9549550
4.9263683 -0.6228936 -0.1079636 0.0152628 -0.0118788 0.2722842 0.9620225 2416404.2912913
4.9299857 -0.5888464 -0.1081832 -0.0111931 -0.0157726 0.9731103 -0.2295263 2416408.6276276
4.9333778 -0.5547737 -0.1083979 0.0162517 -0.0104855 0.1863204 0.9822987 2416412.9639640
4.9365474 -0.5206736 -0.1086076 -0.0097574 -0.0166989 0.9895697 -0.1427508 2416417.3003003
4.9394916 -0.4865504 -0.1088124 0.0171136 -0.0090103 0.0989026 0.9949091 2416421.6366366
4.9422085 -0.4524055 -0.1090122 -0.0082456 -0.0174949 0.9983067 -0.0548613 2416425.9729730
4.9447040 -0.4182405 -0.1092071 0.0178421 -0.0074648 0.0107130 0.9997556 2416430.3093093
4.9469727 -0.3840565 -0.1093970 -0.0066695 -0.0181544 0.9992530 0.0334563 2416434.6456457
4.9490158 -0.3498525 -0.1095818 0.0184313 -0.0058611 -0.0775603 0.9968000 2416438.9819820
4.9508330 -0.3156360 -0.1097618 -0.0050413 -0.0186722 0.9924014 0.1215129 2416443.3183183
4.9524249 -0.2814047 -0.1099367 0.0188766 -0.0042116 -0.1652283 0.9860657 2416447.6546547
4.9537929 -0.2471584 -0.1101066 -0.0033737 -0.0190442 0.9778053 0.2086211 2416451.9909910
4.9549321 -0.2129025 -0.1102714 0.0191747 -0.0025293 -0.2516068 0.9676363 2416456.3273273
4.9558452 -0.1786360 -0.1104313 -0.0016799 -0.0192677 0.9555785 0.2941014 2416460.6636637
4.9565347 -0.1443639 -0.1105861 0.0193231 -0.0008272 -0.3360219 0.9416556 2416465.0000000
4.9569966 -0.1100824 -0.1107359 0.0000271 -0.0193408 0.9258946 0.3772865 2416469.3363363
4.9572320 -0.0757956 -0.1108805 0.0193207 0.0008814 -0.4178147 0.9083264 2416473.6726727
4.9572403 -0.0415084 -0.1110202 0.0017339 -0.0192630 0.8889852 0.4575274 2416478.0090090
4.9570231 -0.0072175 -0.1111548 0.0191676 0.0025830 -0.4963470 0.8679088 2416482.3453453
4.9565812 0.0270738 -0.1112843 0.0034272 -0.0190348 0.8451383 0.5341977 2416486.6816817
4.9559089 0.0613642 -0.1114087 0.0188649 0.0042646 -0.5710058 0.8207181 2416491.0180180
4.9550124 0.0956508 -0.1115280 0.0050937 -0.0186581 0.7946961 0.6066994 2416495.3543543
4.9538897 0.1299321 -0.1116422 0.0184149 0.0059128 -0.6412087 0.7671228 2416499.6906907
4.9525398 0.1642101 -0.1117513 0.0067204 -0.0181358 0.7380522 0.6744664 2416504.0270270
4.9509637 0.1984793 -0.1118553 0.0178213 0.0075149 -0.7064076 0.7075409 2416508.3633633
4.9491595 0.2327378 -0.1119543 0.0082947 -0.0174719 0.6756487 0.7369700 2416512.6996997
4.9471320 0.2669880 -0.1120480 0.0170885 0.0090584 -0.7660939 0.6424376 2416517.0360360
4.9448763 0.3012247 -0.1121366 0.0098043 -0.0166717 0.6079725 0.7937225 2416521.3723724
4.9423930 0.3354487 -0.1122201 0.0162224 0.0105312 -0.8198017 0.5723208 2416525.7087087
4.9396858 0.3696556 -0.1122985 0.0112374 -0.0157415 0.5355519 0.8442808 2416530.0450450
4.9367518 0.4038461 -0.1123718 -0.0152297 -0.0119218 0.8671120 -0.4977376 2416534.3813814
4.9335914 0.4380207 -0.1124398 0.0125828 -0.0146883 0.4589519 0.8882506 2416538.7177177
4.9302045 0.4721715 -0.1125028 -0.0141182 -0.0132193 0.9076554 -0.4192703 2416543.0540540
4.9265919 0.5063022 -0.1125606 0.0138300 -0.0135205 0.3787703 0.9252886 2416547.3903904
4.9227561 0.5404101 -0.1126132 -0.0128965 -0.0144137 0.9411157 -0.3375310 2416551.7267267
4.9186915 0.5744935 -0.1126606 0.0149693 -0.0122473 0.2956328 0.9551058 2416556.0630630
4.9144017 0.6085503 -0.1127029 -0.0115741 -0.0154957 0.9672317 -0.2531577 2416560.3993994
4.9098891 0.6425772 -0.1127401 0.0159918 -0.0108784 0.2101883 0.9774696 2416564.7357357
4.9051497 0.6765775 -0.1127720 -0.0101614 -0.0164567 0.9857996 -0.1668087 2416569.0720720
4.9001863 0.7105469 -0.1127988 0.0168894 -0.0094247 0.1231035 0.9922053 2416573.4084084
4.8949959 0.7444811 -0.1128204 -0.0086695 -0.0172893 0.9966744 -0.0791581 2416577.7447447
4.8895838 0.7783827 -0.1128369 0.0176553 -0.0078973 0.0350581 0.9991981 2416582.0810811
4.8839479 0.8122487 -0.1128481 -0.0071098 -0.0179869 0.9997714 0.0091103 2416586.4174174
4.8780848 0.8460780 -0.1128542 0.0182834 -0.0063084 -0.0532610 0.9983933 2416590.7537537
4.8720001 0.8798677 -0.1128551 -0.0054947 -0.0185442 0.9950664 0.0973076 2416595.0900901
4.8656920 0.9136153 -0.1128509 0.0187688 -0.0046702 -0.1411644 0.9897972 2416599.4264264
4.8591609 0.9473249 -0.1128414 -0.0038367 -0.0189568 0.9825961 0.1847456 2416603.7627627
4.8524062 0.9809887 -0.1128268 0.0191078 -0.0029956 -0.2279661 0.9734769 2416608.0990991
4.8454279 1.0146070 -0.1128071 -0.0021487 -0.0192214 0.9624577 0.2707418 2416612.4354354
4.8382300 1.0481798 -0.1127821 0.0192976 -0.0012976 -0.3129889 0.9495598 2416616.7717718
4.8308089 1.0817041 -0.1127519 -0.0004440 -0.0193361 0.9348085 0.3546252 2416621.1081081
4.8231645 1.1151802 -0.1127166 0.0193368 0.0004105 -0.3955692 0.9182325 2416625.4444444
4.8153013 1.1486023 -0.1126761 0.0012642 -0.0192999 0.8998642 0.4357411 2416629.7807808
4.8072159 1.1819733 -0.1126305 0.0192252 0.0021154 -0.4750625 0.8797395 2416634.1171171
4.7989109 1.2152915 -0.1125796 0.0029625 -0.0191130 0.8578975 0.5134566 2416638.4534534
4.7903841 1.2485515 -0.1125237 0.0189635 0.0038039 -0.5508485 0.8343811 2416642.7897898
4.7816381 1.2817549 -0.1124625 0.0046378 -0.0187770 0.8092360 0.5871652 2416647.1261261
4.7726752 1.3148999 -0.1123962 0.0185538 0.0054626 -0.6223358 0.7825114 2416651.4624625
4.7634897 1.3479849 -0.1123247 0.0062768 -0.0182945 0.7542593 0.6562917 2416655.7987988
4.7540871 1.3810080 -0.1122481 0.0179994 0.0070787 -0.6889665 0.7245351 2416660.1351351
4.7444670 1.4139654 -0.1121663 0.0078668 -0.0176691 0.6933966 0.7202966 2416664.4714715
4.7346293 1.4468610 -0.1120794 0.0173044 0.0086396 -0.7502206 0.6609046 2416668.8078078
4.7245743 1.4796901 -0.1119873 0.0093955 -0.0169060 0.6271226 0.7786804 2416673.1441441
4.7143006 1.5124488 -0.1118902 0.0164745 0.0101331 -0.8056202 0.5921166 2416677.4804805
4.7038135 1.5451398 -0.1117878 0.0108508 -0.0160108 0.5559548 0.8309875 2416681.8168168
4.6931109 1.5777592 -0.1116804 0.0155159 0.0115475 -0.8547328 0.5187078 2416686.1531532
4.6821903 1.6103085 -0.1115678 0.0122215 -0.0149908 0.4804483 0.8768097 2416690.4894895
4.6710567 1.6427812 -0.1114501 -0.0144363 -0.0128717 0.8971752 -0.4412511 2416694.8258258
4.6597092 1.6751782 -0.1113274 0.0134968 -0.0138537 0.4011925 0.9157895 2416699.1621622
4.6481485 1.7075016 -0.1111994 -0.0132440 -0.0140956 0.9326163 -0.3603509 2416703.4984985
4.6363740 1.7397446 -0.1110665 0.0146668 -0.0126085 0.3188059 0.9476227 2416707.8348348
4.6243853 1.7719079 -0.1109284 -0.0119484 -0.0152094 0.9607794 -0.2766386 2416712.1711712
4.6121885 1.8039898 -0.1107853 0.0157223 -0.0112650 0.2339314 0.9720607 2416716.5075075
4.5997782 1.8359898 -0.1106371 -0.0105595 -0.0162045 0.9814447 -0.1907675 2416720.8438439
4.5871565 1.8679066 -0.1104837 0.0166551 -0.0098335 0.1472313 0.9889130 2416725.1801802
4.5743260 1.8997353 -0.1103254 -0.0090882 -0.0170732 0.9944510 -0.1034077 2416729.5165165
4.5612852 1.9314781 -0.1101620 0.0174580 -0.0083253 0.0593823 0.9980479 2416733.8528529
4.5480372 1.9631342 -0.1099935 -0.0075460 -0.0178087 0.9996968 -0.0152409 2416738.1891892
4.5345780 1.9946980 -0.1098201 0.0181246 -0.0067521 -0.0289302 0.9993943 2416742.5255255
4.5209129 2.0261716 -0.1096415 -0.0059449 -0.0184052 0.9971411 0.0730448 2416746.8618619
4.5070423 2.0575518 -0.1094580 0.0186498 -0.0051262 -0.1170169 0.9929416 2416751.1981982
4.4929629 2.0888392 -0.1092695 -0.0042974 -0.0188580 0.9868039 0.1607605 2416755.5345345
4.4786787 2.1200307 -0.1090759 0.0190295 -0.0034603 -0.2041904 0.9787401 2416759.8708709
4.4641900 2.1511226 -0.1088774 -0.0026164 -0.0191637 0.9687659 0.2472217 2416764.2072072
4.4494975 2.1821199 -0.1086739 0.0192606 -0.0017674 -0.2897705 0.9569007 2416768.5435436
4.4346014 2.2130159 -0.1084654 -0.0009150 -0.0193199 0.9431678 0.3317536 2416772.8798799
4.4195002 2.2438101 -0.1082520 0.0193415 -0.0000607 -0.3730892 0.9275939 2416777.2162162
4.4042001 2.2745019 -0.1080336 0.0007936 -0.0193253 0.9102094 0.4136965 2416781.5525526
4.3886986 2.3050899 -0.1078103 0.0192714 0.0016465 -0.4534964 0.8910482 2416785.8888889
4.3729939 2.3355745 -0.1075820 0.0024961 -0.0191799 0.8701478 0.4924111 2416790.2252252
4.3570914 2.3659497 -0.1073488 0.0190509 0.0033408 -0.5303646 0.8475490 2416794.5615616
4.3409890 2.3962167 -0.1071108 0.0041790 -0.0188847 0.8232958 0.5672829 2416798.8978979
4.3246905 2.4263770 -0.1068678 0.0186817 0.0050090 -0.6030939 0.7974356 2416803.2342342
4.3081922 2.4564251 -0.1066200 0.0058293 -0.0184423 0.7700190 0.6377278 2416807.5705706
4.2914965 2.4863607 -0.1063673 0.0181668 0.0066382 -0.6711168 0.7410993 2416811.9069069
4.2746085 2.5161826 -0.1061097 0.0074341 -0.0178559 0.7107330 0.7031959 2416816.2432432
4.2575232 2.5458904 -0.1058473 0.0175101 0.0082156 -0.7339024 0.6789795 2416820.5795796
4.2402437 2.5754839 -0.1055800 0.0089810 -0.0171301 0.6459006 0.7631765 2416824.9159159
4.2227708 2.6049561 -0.1053081 0.0167168 0.0097288 -0.7909608 0.6115610 2416829.2522523
4.2051062 2.6343118 -0.1050312 0.0104577 -0.0162707 0.5760277 0.8172013 2416833.5885886
4.1872508 2.6635482 -0.1047495 0.0157929 0.0111662 -0.8418467 0.5393701 2416837.9249249
4.1692022 2.6926619 -0.1044632 0.0118529 -0.0152843 0.5016596 0.8648488 2416842.2612613
4.1509648 2.7216537 -0.1041720 -0.0147459 -0.0125164 0.8861629 -0.4629700 2416846.5975976
4.1325404 2.7505200 -0.1038761 0.0131555 -0.0141787 0.4233766 0.9057473 2416850.9339339
4.1139253 2.7792640 -0.1035755 -0.0135838 -0.0137689 0.9235637 -0.3829569 2416855.2702703
4.0951242 2.8078799 -0.1032701 0.0143555 -0.0129624 0.3417897 0.9395774 2416859.6066066
4.0761364 2.8363666 -0.1029601 -0.0123156 -0.0149140 0.9537571 -0.2999554 2416863.9429429
4.0569645 2.8647269 -0.1026454 0.0154434 -0.0116449 0.2575355 0.9660752 2416868.2792793
4.0376080 2.8929563 -0.1023260 -0.0109514 -0.0159427 0.9765076 -0.2146130 2416872.6156156
4.0180654 2.9210536 -0.1020020 0.0164109 -0.0102365 0.1712716 0.9850340 2416876.9519519
3.9983443 2.9490181 -0.1016733 -0.0095017 -0.0168470 0.9916376 -0.1275958 2416881.2882883
3.9784402 2.9768488 -0.1013401 0.0172503 -0.0087483 0.0836710 0.9963057 2416885.6246246
3.9583548 3.0045466 -0.1010021 -0.0079778 -0.0176198 0.9990291 -0.0395829 2416889.9609609
3.9380902 3.0321051 -0.1006597 0.0179550 -0.0071918 -0.0045824 0.9998024 2416894.2972973
3.9176471 3.0595261 -0.1003127 -0.0063917 -0.0182552 0.9986243 0.0487389 2416898.6336336
3.8970284 3.0868112 -0.0999611 0.0185197 -0.0055792 -0.0928002 0.9954969 2416902.9699699
3.8762304 3.1139544 -0.0996050 -0.0047557 -0.0187480 0.9904264 0.1366803 2416907.3063063
3.8552569 3.1409574 -0.0992444 0.0189398 -0.0039230 -0.1802937 0.9834226 2416911.6426426
3.8341116 3.1678162 -0.0988794 -0.0030826 -0.0190946 0.9744994 0.2235551 2416915.9789790
3.8127912 3.1945340 -0.0985098 0.0192121 -0.0022362 -0.2663802 0.9636739 2416920.3153153
3.7912980 3.2211080 -0.0981357 -0.0013855 -0.0192922 0.9509675 0.3086854 2416924.6516516
3.7696334 3.2475329 -0.0977573 0.0193346 -0.0005320 -0.3503880 0.9364049 2416928.9879880
3.7477990 3.2738133 -0.0973745 0.0003225 -0.0193392 0.9200145 0.3914067 2416933.3243243
3.7257971 3.2999459 -0.0969872 0.0193061 0.0011764 -0.4316614 0.9018283 2416937.6606606
3.7036232 3.3259294 -0.0965955 0.0020280 -0.0192353 0.8818819 0.4710735 2416941.9969970
3.6812844 3.3517622 -0.0961995 0.0191269 0.0028756 -0.5095662 0.8602141 2416946.3333333
3.6587805 3.3774430 -0.0957992 0.0037176 -0.0189813 0.8368672 0.5470642 2416950.6696696
3.6361100 3.4029740 -0.0953945 0.0187986 0.0045524 -0.5834944 0.8118868 2416955.0060060
3.6132765 3.4283505 -0.0949856 0.0053783 -0.0185791 0.7853217 0.6187857 2416959.3423423
3.5902789 3.4535708 -0.0945724 0.0183235 0.0061937 -0.6528691 0.7572237 2416963.6786787
3.5671223 3.4786382 -0.0941549 0.0069970 -0.0180320 0.7276477 0.6856782 2416968.0150150
3.5438036 3.5035480 -0.0937331 0.0177054 0.0077866 -0.7171490 0.6966514 2416972.3513513
3.5203241 3.5283006 -0.0933072 0.0085610 -0.0173442 0.6642953 0.7472199 2416976.6876877
3.4966890 3.5528936 -0.0928771 0.0169491 0.0093188 -0.7758323 0.6306426 2416981.0240240
3.4728958 3.5773271 -0.0924428 0.0100583 -0.0165210 0.5957589 0.8029304 2416985.3603603
3.4489462 3.6016028 -0.0920042 0.0160606 0.0107782 -0.8284612 0.5597123 2416989.6966967
3.4248415 3.6257129 -0.0915617 0.0114771 -0.0155689 0.5225732 0.8523750 2416994.0330330
3.4005834 3.6496618 -0.0911150 -0.0150468 -0.0121535 0.8746250 -0.4844141 2416998.3693694
3.3761748 3.6734480 -0.0906642 0.0128063 -0.0144953 0.4453095 0.8951678 2417002.7057057
3.3516120 3.6970691 -0.0902093 -0.0139155 -0.0134340 0.9139633 -0.4053357 2417007.0420420
3.3268989 3.7205247 -0.0897504 0.0140356 -0.0133085 0.3645707 0.9309748 2417011.3783784
3.3020398 3.7438117 -0.0892876 -0.0126756 -0.0146097 0.9461692 -0.3230941 2417015.7147147
3.2770307 3.7669341 -0.0888206 0.0151553 -0.0120179 0.2809868 0.9595167 2417020.0510510
3.2518758 3.7898880 -0.0883497 -0.0113368 -0.0156714 0.9709913 -0.2383311 2417024.3873874
3.2265737 3.8126698 -0.0878749 0.0161568 -0.0106336 0.1952101 0.9805707 2417028.7237237
3.2011296 3.8352829 -0.0873961 -0.0099096 -0.0166107 0.9882361 -0.1517082 2417033.0600601
3.1755434 3.8577252 -0.0869134 0.0170322 -0.0091662 0.1079101 0.9939725 2417037.3963964
3.1498118 3.8799953 -0.0864269 -0.0084050 -0.0174205 0.9977688 -0.0639014 2417041.7327327
3.1239422 3.9020920 -0.0859365 0.0177747 -0.0076273 0.0197680 0.9996175 2417046.0690691
3.0979332 3.9240130 -0.0854423 -0.0068348 -0.0180943 0.9995150 0.0244041 2417050.4054054
3.0717861 3.9457629 -0.0849442 0.0183785 -0.0060289 -0.0685285 0.9974616 2417054.7417417
3.0455017 3.9673350 -0.0844424 -0.0052113 -0.0186269 0.9934613 0.1125191 2417059.0780781
3.0190809 3.9887296 -0.0839368 0.0188389 -0.0043835 -0.1562901 0.9875218 2417063.4144144
2.9925282 4.0099487 -0.0834275 -0.0035471 -0.0190141 0.9796547 0.1997560 2417067.7507508
2.9658413 4.0309885 -0.0829144 0.0191522 -0.0027038 -0.2428321 0.9698755 2417072.0870871
2.9390208 4.0518507 -0.0823977 -0.0018552 -0.0192530 0.9582031 0.2854341 2417076.4234234
2.9120725 4.0725305 -0.0818774 0.0193161 -0.0010030 -0.3274790 0.9446605 2417080.7597598
2.8849938 4.0930310 -0.0813534 -0.0001489 -0.0193416 0.9292739 0.3688847 2417085.0960961
2.8577874 4.1133517 -0.0808257 0.0193293 0.0007056 -0.4095704 0.9120735 2417089.4324324
2.8304536 4.1334872 -0.0802945 0.0015587 -0.0192793 0.8930927 0.4494566 2417093.7687688
2.8029943 4.1534407 -0.0797598 0.0191916 0.0024087 -0.4884655 0.8723688 2417098.1051051
2.7754138 4.1732109 -0.0792214 0.0032540 -0.0190665 0.8499421 0.5265210 2417102.4414415
2.7477066 4.1927966 -0.0786797 0.0189042 0.0040930 -0.5635488 0.8258563 2417106.7777778
2.7198794 4.2121968 -0.0781344 0.0049240 -0.0187049 0.8001586 0.5994765 2417111.1141141
2.6919331 4.2314090 -0.0775857 0.0184692 0.0057454 -0.6342342 0.7728990 2417115.4504505
2.6638672 4.2504371 -0.0770335 0.0065555 -0.0181974 0.7441308 0.6677539 2417119.7867868
2.6356840 4.2692779 -0.0764779 0.0178901 0.0073529 -0.6999701 0.7139101 2417124.1231231
2.6073827 4.2879274 -0.0759191 0.0081359 -0.0175479 0.6822960 0.7308202 2417128.4594595
2.5789693 4.3063902 -0.0753568 0.0171714 0.0089031 -0.7602437 0.6493500 2417132.7957958
2.5504424 4.3246627 -0.0747913 0.0096528 -0.0167614 0.6151366 0.7881833 2417137.1321321
2.5218005 4.3427465 -0.0742224 0.0163187 0.0103837 -0.8145844 0.5797225 2417141.4684685
2.4930494 4.3606374 -0.0736503 0.0110944 -0.0158442 0.5431768 0.8393955 2417145.8048048
2.4641893 4.3783358 -0.0730750 0.0153387 0.0117834 -0.8625682 0.5055709 2417150.1411412
2.4352208 4.3958455 -0.0724963 0.0124494 -0.0148032 0.4669782 0.8840573 2417154.4774775
2.4061451 4.4131600 -0.0719146 -0.0142389 -0.0130911 0.9038207 -0.4274740 2417158.8138138
2.3769623 4.4302808 -0.0713298 0.0137072 -0.0136468 0.3871353 0.9218200 2417163.1501502
2.3476789 4.4472078 -0.0707417 -0.0130281 -0.0142966 0.9380200 -0.3460411 2417167.4864865
2.3182907 4.4639405 -0.0701506 0.0148581 -0.0123839 0.3042713 0.9523890 2417171.8228228
2.2888000 4.4804787 -0.0695564 -0.0117155 -0.0153906 0.9648991 -0.2619077 2417176.1591592
2.2592113 4.4968187 -0.0689592 0.0158931 -0.0110243 0.2190329 0.9755257 2417180.4954955
2.2295226 4.5129633 -0.0683590 -0.0103116 -0.0163645 0.9842483 -0.1757305 2417184.8318318
2.1997381 4.5289127 -0.0677557 0.0168040 -0.0095787 0.1320851 0.9910496 2417189.1681682
2.1698551 4.5446618 -0.0671496 -0.0088271 -0.0172107 0.9959166 -0.0881819 2417193.5045045
2.1398790 4.5602138 -0.0665405 0.0175838 -0.0080583 0.0441066 0.9988396 2417197.8408408
2.1098113 4.5755672 -0.0659285 -0.0072738 -0.0179225 0.9998129 0.0000548 2417202.1771772
2.0796488 4.5907219 -0.0653136 0.0182263 -0.0064751 -0.0442161 0.9988347 2417206.5135135
2.0493969 4.6056770 -0.0646959 -0.0056637 -0.0184946 0.9959069 0.0882911 2417210.8498498
2.0190567 4.6204292 -0.0640754 0.0187267 -0.0048413 -0.1321938 0.9910351 2417215.1861862
1.9886286 4.6349846 -0.0634520 -0.0040095 -0.0189222 0.9842290 0.1758385 2417219.5225225
1.9581142 4.6493375 -0.0628260 0.0190809 -0.0031698 -0.2191399 0.9755017 2417223.8588588
1.9275129 4.6634874 -0.0621972 -0.0023239 -0.0192023 0.9648703 0.2620136 2417228.1951952
1.8968307 4.6774362 -0.0615657 0.0192862 -0.0014735 -0.3043758 0.9523556 2417232.5315315
1.8660667 4.6911822 -0.0609316 -0.0006202 -0.0193324 0.9379820 0.3461439 2417236.8678679
1.8352188 4.7047271 -0.0602948 0.0193410 0.0002343 -0.3872364 0.9217775 2417241.2042042
1.8042938 4.7180659 -0.0596554 0.0010884 -0.0193118 0.9037738 0.4275731 2417245.5405405
1.7732903 4.7312008 -0.0590135 0.0192448 0.0019403 -0.4670751 0.8840060 2417249.8768769
1.7422115 4.7441342 -0.0583689 0.0027884 -0.0191404 0.8625128 0.5056655 2417254.2132132
1.7110558 4.7568614 -0.0577219 0.0189985 0.0036311 -0.5432689 0.8393359 2417258.5495495
1.6798253 4.7693829 -0.0570724 0.0044667 -0.0188196 0.8145208 0.5798118 2417262.8858859
1.6485261 4.7816994 -0.0564204 0.0186040 0.0052936 -0.6152230 0.7881158 2417267.2222222
1.6171535 4.7938103 -0.0557660 0.0061102 -0.0183520 0.7601724 0.6494334 2417271.5585585
1.5857111 4.8057167 -0.0551091 0.0180642 0.0069148 -0.6823761 0.7307453 2417275.8948949
1.5542011 4.8174131 -0.0544499 0.0077059 -0.0177412 0.6998918 0.7139869 2417280.2312312
1.5226245 4.8289046 -0.0537884 0.0173835 0.0084820 -0.7442040 0.6676722 2417284.5675675
1.4909835 4.8401901 -0.0531245 0.0092416 -0.0169919 0.6341494 0.7729686 2417288.9039039
1.4592762 4.8512660 -0.0524584 0.0165671 0.0099831 -0.8002243 0.5993888 2417293.2402402
1.4275075 4.8621353 -0.0517901 0.0107051 -0.0161100 0.5634582 0.8259181 2417297.5765765
1.3956795 4.8727951 -0.0511195 0.0156215 0.0114062 -0.8499998 0.5264278 2417301.9129129
1.3637891 4.8832489 -0.0504467 0.0120851 -0.0151024 0.4883698 0.8724224 2417306.2492492
1.3318415 4.8934927 -0.0497718 -0.0145539 -0.0127403 0.8931420 -0.4493586 2417310.5855856
1.2998371 4.9035259 -0.0490948 0.0133707 -0.0139770 0.4094703 0.9121184 2417314.9219219
1.2677777 4.9133529 -0.0484156 -0.0133728 -0.0139750 0.9293143 -0.3687828 2417319.2582582
1.2356644 4.9229694 -0.0477344 0.0145521 -0.0127424 0.3273754 0.9446964 2417323.5945946
1.2034956 4.9323754 -0.0470512 -0.0120873 -0.0151007 0.9582344 -0.2853290 2417327.9309309
1.1712796 4.9415718 -0.0463659 0.0156198 -0.0114085 0.2427257 0.9699021 2417332.2672672
1.1390125 4.9505581 -0.0456787 -0.0107074 -0.0161085 0.9796766 -0.1996486 2417336.6036036
1.1066955 4.9593359 -0.0449895 0.0165657 -0.0099855 0.1561818 0.9875389 2417340.9399399
1.0743327 4.9679006 -0.0442984 -0.0092441 -0.0169906 0.9934736 -0.1124101 2417345.2762763
1.0419240 4.9762543 -0.0436056 0.0173823 -0.0084846 0.0684191 0.9974691 2417349.6126126
1.0094730 4.9844003 -0.0429107 -0.0077085 -0.0177401 0.9995177 -0.0242945 2417353.9489489
0.9769766 4.9923329 -0.0422141 0.0180633 -0.0069174 -0.0198776 0.9996153 2417358.2852853
0.9444388 5.0000549 -0.0415157 -0.0061129 -0.0183512 0.9977617 0.0640108 2417362.6216216
0.9118639 5.0075643 -0.0408156 0.0186033 -0.0052963 -0.1080191 0.9939606 2417366.9579579
0.8792488 5.0148638 -0.0401137 -0.0044695 -0.0188191 0.9882194 0.1518166 2417371.2942943
0.8465960 5.0219528 -0.0394101 0.0189982 -0.0036339 -0.1953177 0.9805493 2417375.6306306
0.8139080 5.0288263 -0.0387049 -0.0027912 -0.0191401 0.9709652 0.2384375 2417379.9669670
0.7811860 5.0354906 -0.0379981 0.0192447 -0.0019431 -0.2810920 0.9594859 2417384.3033033
0.7484326 5.0419430 -0.0372896 -0.0010912 -0.0193118 0.9461337 0.3231978 2417388.6396396
0.7156444 5.0481829 -0.0365796 0.0193411 -0.0002371 -0.3646728 0.9309348 2417392.9759760
0.6828280 5.0542106 -0.0358680 0.0006174 -0.0193327 0.9139188 0.4054359 2417397.3123123
0.6499843 5.0600252 -0.0351550 0.0192866 0.0014707 -0.4454077 0.8951189 2417401.6486486
0.6171110 5.0656299 -0.0344404 0.0023212 -0.0192028 0.8745718 0.4845100 2417405.9849850
0.5842132 5.0710212 -0.0337244 0.0190816 0.0031671 -0.5226667 0.8523177 2417410.3213213
0.5512896 5.0761985 -0.0330071 0.0040068 -0.0189231 0.8283998 0.5598031 2417414.6576577
0.5183452 5.0811661 -0.0322883 0.0187276 0.0048387 -0.5958469 0.8028651 2417418.9939940
0.4853779 5.0859204 -0.0315682 0.0056612 -0.0184956 0.7757632 0.6307276 2417423.3303303
0.4523886 5.0904620 -0.0308468 0.0182275 0.0064726 -0.6643772 0.7471471 2417427.6666667
0.4193834 5.0947911 -0.0301241 0.0072714 -0.0179239 0.7170726 0.6967301 2417432.0030030
0.3863597 5.0989075 -0.0294001 0.0175852 0.0080559 -0.7277229 0.6855985 2417436.3393393
0.3533190 5.1028144 -0.0286748 0.0088248 -0.0172122 0.6527861 0.7572953 2417440.6756757
0.3202638 5.1065052 -0.0279485 0.0168057 0.0095764 -0.7853895 0.6186996 2417445.0120120
0.2871955 5.1099847 -0.0272210 0.0103094 -0.0163663 0.5834054 0.8119508 2417449.3483484
0.2541169 5.1132537 -0.0264922 0.0158949 0.0110222 -0.8369271 0.5469724 2417453.6846847
0.2210252 5.1163093 -0.0257624 0.0117135 -0.0153926 0.5094719 0.8602699 2417458.0210210
0.1879239 5.1191530 -0.0250316 -0.0148602 -0.0123820 0.8819335 -0.4709768 2417462.3573574
0.1548181 5.1217828 -0.0242997 0.0130263 -0.0142988 0.4315625 0.9018756 2417466.6936937
0.1217034 5.1242033 -0.0235668 -0.0137095 -0.0136451 0.9200574 -0.3913058 2417471.0300300
0.0885841 5.1264120 -0.0228329 0.0142373 -0.0130934 0.3502853 0.9364433 2417475.3663664
0.0554602 5.1284059 -0.0220981 -0.0124518 -0.0148018 0.9510013 -0.3085811 2417479.7027027
0.0223353 5.1301899 -0.0213624 0.0153373 -0.0117859 0.2662746 0.9637031 2417484.0390390
-0.0107893 5.1317630 -0.0206257 -0.0110969 -0.0158429 0.9745238 -0.2234483 2417488.3753754
-0.0439173 5.1331240 -0.0198883 0.0163176 -0.0103863 0.1801859 0.9834424 2417492.7117117
-0.0770409 5.1342735 -0.0191500 -0.0096555 -0.0167604 0.9904413 -0.1365717 2417497.0480481
-0.1101613 5.1352104 -0.0184109 0.0171706 -0.0089057 0.0926910 0.9955070 2417501.3843844
-0.1432778 5.1359394 -0.0176710 -0.0081386 -0.0175472 0.9986296 -0.0486294 2417505.7207207
-0.1763886 5.1364558 -0.0169304 0.0178895 -0.0073557 0.0044728 0.9998029 2417510.0570571
-0.2094930 5.1367599 -0.0161893 -0.0065583 -0.0181970 0.9990247 0.0396924 2417514.3933934
-0.2425867 5.1368561 -0.0154473 0.0184689 -0.0057482 -0.0837802 0.9962965 2417518.7297297
-0.2756715 5.1367403 -0.0147047 -0.0049268 -0.0187048 0.9916236 0.1277045 2417523.0660661
-0.3087470 5.1364157 -0.0139615 0.0189041 -0.0040958 -0.1713795 0.9850152 2417527.4024024
-0.3418071 5.1358789 -0.0132178 -0.0032568 -0.0190666 0.9764841 0.2147200 2417531.7387387
-0.3748542 5.1351335 -0.0124735 0.0191918 -0.0024115 -0.2576414 0.9660470 2417536.0750751
-0.4078866 5.1341804 -0.0117287 -0.0015615 -0.0192796 0.9537242 0.3000599 2417540.4114114
-0.4409023 5.1330147 -0.0109835 0.0193298 -0.0007084 -0.3418927 0.9395399 2417544.7477477
-0.4739004 5.1316411 -0.0102378 0.0001461 -0.0193422 0.9235217 0.3830581 2417549.0840841
-0.5068766 5.1300594 -0.0094916 0.0193169 0.0010003 -0.4234759 0.9057008 2417553.4204204
-0.5398359 5.1282689 -0.0087451 0.0018525 -0.0192539 0.8861122 0.4630671 2417557.7567568
-0.5727722 5.1262697 -0.0079982 0.0191532 0.0027011 -0.5017544 0.8647938 2417562.0930931
-0.6056834 5.1240610 -0.0072510 0.0035445 -0.0190152 0.8417875 0.5394623 2417566.4294294
-0.6385716 5.1216468 -0.0065035 0.0188401 0.0043809 -0.5761173 0.8171382 2417570.7657658
-0.6714334 5.1190255 -0.0057557 0.0052088 -0.0186282 0.7908938 0.6116477 2417575.1021021
-0.7042698 5.1161937 -0.0050078 0.0183800 0.0060265 -0.6459842 0.7631057 2417579.4384384
-0.7370751 5.1131575 -0.0042596 0.0068325 -0.0180959 0.7338280 0.6790599 2417583.7747748
-0.7698506 5.1099142 -0.0035112 0.0177764 0.0076251 -0.7108100 0.7031180 2417588.1111111
-0.8025978 5.1064654 -0.0027627 0.0084028 -0.0174223 0.6710356 0.7411728 2417592.4474474
-0.8353109 5.1028095 -0.0020141 0.0170342 0.0091641 -0.7700888 0.6376434 2417596.7837838
-0.8679896 5.0989467 -0.0012655 0.0099076 -0.0166128 0.6030065 0.7975017 2417601.1201201
-0.9006340 5.0948824 -0.0005167 0.0161589 0.0106317 -0.8233580 0.5671927 2417605.4564564
-0.9332422 5.0906107 0.0002321 0.0113350 -0.0156736 0.5302717 0.8476071 2417609.7927928
-0.9658144 5.0861341 0.0009808 -0.0151576 -0.0120163 0.8702018 -0.4923157 2417614.1291291
-0.9983446 5.0814542 0.0017295 0.0126741 -0.0146121 0.4533988 0.8910979 2417618.4654654
-1.0308364 5.0765705 0.0024782 -0.0140380 -0.0133071 0.9102547 -0.4135968 2417622.8018018
-1.0632885 5.0714842 0.0032267 0.0139142 -0.0134366 0.3729875 0.9276347 2417627.1381381
-1.0956953 5.0661927 0.0039751 -0.0128089 -0.0144941 0.9432041 -0.3316503 2417631.4744745
-1.1280598 5.0606996 0.0047234 0.0150457 -0.0121562 0.2896656 0.9569324 2417635.8108108
-1.1603780 5.0550062 0.0054715 -0.0114798 -0.0155679 0.9687929 -0.2471156 2417640.1471471
-1.1926517 5.0491081 0.0062193 0.0160598 -0.0107809 0.2040832 0.9787624 2417644.4834835
-1.2248769 5.0430096 0.0069669 -0.0100611 -0.0165203 0.9868215 -0.1606524 2417648.8198198
-1.2570513 5.0367108 0.0077142 0.0169486 -0.0093216 0.1169081 0.9929544 2417653.1561561
-1.2891789 5.0302113 0.0084612 -0.0085639 -0.0173438 0.9971491 -0.0729356 2417657.4924925
-1.3212540 5.0235121 0.0092079 0.0177051 -0.0077894 0.0288207 0.9993974 2417661.8288288
-1.3532756 5.0166107 0.0099541 -0.0069998 -0.0180319 0.9996951 0.0153504 2417666.1651651
-1.3852439 5.0095137 0.0107001 0.0183235 -0.0061965 -0.0594916 0.9980414 2417670.5015015
-1.4171575 5.0022172 0.0114456 -0.0053812 -0.0185793 0.9944396 0.1035166 2417674.8378378
-1.4490164 4.9947204 0.0121906 0.0187988 -0.0045553 -0.1473396 0.9888968 2417679.1741741
-1.4808155 4.9870275 0.0129351 -0.0037205 -0.0189817 0.9814237 0.1908750 2417683.5105105
-1.5125556 4.9791369 0.0136792 0.0191275 -0.0028785 -0.2340379 0.9720350 2417687.8468468
-1.5442393 4.9710513 0.0144227 -0.0020308 -0.0192360 0.9607490 0.2767439 2417692.1831832
-1.5758596 4.9627668 0.0151656 0.0193069 -0.0011792 -0.3189097 0.9475877 2417696.5195195
-1.6074180 4.9542865 0.0159079 -0.0003253 -0.0193402 0.9325768 0.3604530 2417700.8558558
-1.6389125 4.9456138 0.0166497 0.0193357 0.0005293 -0.4012928 0.9157456 2417705.1921922
-1.6703436 4.9367446 0.0173908 0.0013828 -0.0192934 0.8971269 0.4413493 2417709.5285285
-1.7017103 4.9276804 0.0181311 0.0192135 0.0022336 -0.4805443 0.8767571 2417713.8648648
-1.7330063 4.9184234 0.0188708 0.0030801 -0.0190961 0.8546760 0.5188014 2417718.2012012
-1.7642369 4.9089732 0.0196097 0.0189414 0.0039206 -0.5560458 0.8309266 2417722.5375375
-1.7953986 4.8993317 0.0203479 0.0047534 -0.0187498 0.8055553 0.5922048 2417726.8738739
-1.8264890 4.8894953 0.0210852 0.0185215 0.0055769 -0.6272079 0.7786117 2417731.2102102
-1.8575080 4.8794687 0.0218218 0.0063895 -0.0182571 0.7501482 0.6609868 2417735.5465465
-1.8884535 4.8692531 0.0225575 0.0179571 0.0071897 -0.6934754 0.7202206 2417739.8828829
-1.9193274 4.8588441 0.0232923 0.0079758 -0.0176220 0.6888871 0.7246105 2417744.2192192
-1.9501252 4.8482471 0.0240262 0.0172525 0.0087464 -0.7543312 0.6562090 2417748.5555555
-1.9808452 4.8374597 0.0247591 0.0094999 -0.0168494 0.6222501 0.7825795 2417752.8918919
-2.0114907 4.8264854 0.0254911 0.0164133 0.0102349 -0.8093003 0.5870766 2417757.2282282
-2.0420570 4.8153223 0.0262222 0.0109498 -0.0159452 0.5507571 0.8344414 2417761.5645646
-2.0725431 4.8039697 0.0269521 0.0154460 0.0116435 -0.8579537 0.5133627 2417765.9009009
-2.1029490 4.7924336 0.0276811 0.0123143 -0.0149167 0.4749661 0.8797915 2417770.2372372
-2.1332727 4.7807101 0.0284089 -0.0143582 -0.0129612 0.8999119 -0.4356425 2417774.5735736
-2.1635163 4.7688000 0.0291357 0.0135827 -0.0137717 0.3954686 0.9182758 2417778.9099099
-2.1936724 4.7567055 0.0298613 -0.0131583 -0.0141778 0.9348473 -0.3545228 2417783.2462462
-2.2237444 4.7444268 0.0305858 0.0147451 -0.0125193 0.3128849 0.9495941 2417787.5825826
-2.2537325 4.7319659 0.0313091 -0.0118558 -0.0152837 0.9624873 -0.2706363 2417791.9189189
-2.2836316 4.7193196 0.0320312 0.0157924 -0.0111691 0.2278595 0.9735019 2417796.2552553
-2.3134430 4.7064904 0.0327520 -0.0104607 -0.0162704 0.9826162 -0.1846379 2417800.5915916
-2.3431635 4.6934829 0.0334716 0.0167165 -0.0097318 0.1410560 0.9898126 2417804.9279279
-2.3727960 4.6802918 0.0341899 -0.0089840 -0.0171301 0.9950770 -0.0971986 2417809.2642643
-2.4023373 4.6669205 0.0349068 0.0175102 -0.0082186 0.0531516 0.9983991 2417813.6006006
-2.4317830 4.6533691 0.0356224 -0.0074371 -0.0178561 0.9997724 -0.0090008 2417817.9369369
-2.4611371 4.6396395 0.0363367 0.0181672 -0.0066412 -0.0351675 0.9991942 2417822.2732733
-2.4903973 4.6257330 0.0370496 -0.0058323 -0.0184428 0.9966657 0.0792672 2417826.6096096
-2.5195610 4.6116449 0.0377609 0.0186824 -0.0050120 -0.1232122 0.9921918 2417830.9459460
-2.5486280 4.5973824 0.0384709 -0.0041819 -0.0188855 0.9857812 0.1669167 2417835.2822823
-2.5775960 4.5829441 0.0391795 0.0190518 -0.0033437 -0.2102954 0.9774465 2417839.6186186
-2.6064681 4.5683290 0.0398864 -0.0024989 -0.0191809 0.9672039 0.2532636 2417843.9549550
-2.6352390 4.5535394 0.0405919 0.0192726 -0.0016492 -0.2957374 0.9550734 2417848.2912913
-2.6639073 4.5385748 0.0412958 -0.0007964 -0.0193266 0.9410787 0.3376340 2417852.6276276
-2.6924768 4.5234390 0.0419982 0.0193429 0.0000580 -0.3788716 0.9252471 2417856.9639640
-2.7209418 4.5081293 0.0426989 0.0009123 -0.0193215 0.9076095 0.4193696 2417861.3003003
-2.7493040 4.4926459 0.0433980 0.0192623 0.0017649 -0.4590491 0.8882003 2417865.6366366
-2.7775599 4.4769941 0.0440955 0.0026140 -0.0191656 0.8670574 0.4978326 2417869.9729730
-2.8057108 4.4611710 0.0447912 0.0190314 0.0034579 -0.5356443 0.8442221 2417874.3093093
-2.8337571 4.4451772 0.0454853 0.0042952 -0.0188601 0.8197390 0.5724105 2417878.6456457
-2.8616922 4.4290150 0.0461776 0.0186520 0.0051240 -0.6080594 0.7936558 2417882.9819820
-2.8895199 4.4126841 0.0468682 0.0059429 -0.0184075 0.7660235 0.6425215 2417887.3183183
-2.9172390 4.3961884 0.0475571 0.0181270 0.0067501 -0.6757293 0.7368960 2417891.6546547
-2.9448470 4.3795224 0.0482440 0.0075442 -0.0178112 0.7063301 0.7076183 2417895.9909910
-2.9723432 4.3626912 0.0489292 0.0174606 0.0083235 -0.7381260 0.6743855 2417900.3273273
-2.9997256 4.3456972 0.0496126 0.0090866 -0.0170759 0.6411246 0.7671930 2417904.6636637
-3.0269968 4.3285369 0.0502940 0.0166579 0.0098320 -0.7947625 0.6066123 2417909.0000000
-3.0541541 4.3112136 0.0509735 0.0105582 -0.0162074 0.5709159 0.8207806 2417913.3363363
-3.0811927 4.2937260 0.0516511 0.0157252 0.0112637 -0.8451967 0.5341052 2417917.6726727
-3.1081175 4.2760787 0.0523268 0.0119473 -0.0152123 0.4962519 0.8679631 2417922.0090090
-3.1349251 4.2582704 0.0530006 -0.0146698 -0.0126076 0.8890352 -0.4574300 2417926.3453453
-3.1616148 4.2402988 0.0536722 0.0132432 -0.0140986 0.4177152 0.9083721 2417930.6816817
-3.1881849 4.2221695 0.0543419 -0.0134999 -0.0138530 0.9259359 -0.3771851 2417935.0180180
-3.2146336 4.2038821 0.0550096 0.0144358 -0.0128748 0.3359187 0.9416923 2417939.3543543
-3.2409654 4.1854359 0.0556752 -0.0122247 -0.0149904 0.9556107 -0.2939967 2417943.6906907
-3.2671730 4.1668325 0.0563387 0.0155157 -0.0115506 0.2515008 0.9676638 2417948.0270270
-3.2932576 4.1480717 0.0570000 -0.0108540 -0.0160108 0.9778281 -0.2085140 2417952.3633634
-3.3192201 4.1291581 0.0576593 0.0164746 -0.0101362 0.1651202 0.9860837 2417956.6996997
-3.3450579 4.1100886 0.0583165 -0.0093987 -0.0169062 0.9924147 -0.1214042 2417961.0360360
-3.3707714 4.0908633 0.0589713 0.0173048 -0.0086428 0.0774511 0.9968085 2417965.3723724
-3.3963568 4.0714881 0.0596241 -0.0078700 -0.0176697 0.9992566 -0.0333469 2417969.7087087
-3.4218165 4.0519590 0.0602746 0.0180001 -0.0070819 -0.0108225 0.9997543 2417974.0450450
-3.4471502 4.0322796 0.0609228 -0.0062799 -0.0182953 0.9983006 0.0549707 2417978.3813814
-3.4723526 4.0124483 0.0615688 0.0185548 -0.0054657 -0.0990116 0.9948983 2417982.7177177
-3.4974264 3.9924680 0.0622124 -0.0046408 -0.0187781 0.9895540 0.1428592 2417987.0540540
-3.5223710 3.9723412 0.0628538 0.0189648 -0.0038068 -0.1864280 0.9822782 2417991.3903904
-3.5471839 3.9520630 0.0634928 -0.0029655 -0.0191144 0.9730851 0.2296329 2417995.7267267
-3.5718653 3.9316392 0.0641295 0.0192268 -0.0021183 -0.2723896 0.9619926 2418000.0630630
-3.5964116 3.9110704 0.0647638 -0.0012670 -0.0193016 0.9490224 0.3146146 2418004.3993994
-3.6208278 3.8903556 0.0653956 0.0193387 -0.0004132 -0.3562255 0.9341998 2418008.7357357
-3.6451091 3.8694963 0.0660251 0.0004414 -0.0193381 0.9175537 0.3971411 2418013.0720720
-3.6692526 3.8484924 0.0666521 0.0192997 0.0012951 -0.4372815 0.8991167 2418017.4084084
-3.6932625 3.8273480 0.0672766 0.0021463 -0.0192237 0.8789246 0.4765683 2418021.7447447
-3.7171350 3.8060624 0.0678987 0.0191101 0.0029933 -0.5149250 0.8570170 2418026.0810811
-3.7408714 3.7846327 0.0685182 0.0038345 -0.0189593 0.8334365 0.5522766 2418030.4174174
-3.7644674 3.7630656 0.0691352 0.0187714 0.0046681 -0.5885501 0.8082293 2418034.7537537
-3.7879241 3.7413595 0.0697496 0.0054927 -0.0185469 0.7814445 0.6236749 2418039.0900901
-3.8112441 3.7195153 0.0703615 0.0182862 0.0063065 -0.6575823 0.7531343 2418043.4264264
-3.8344215 3.6975335 0.0709708 0.0071081 -0.0179898 0.7233541 0.6902062 2418047.7627627
-3.8574569 3.6754138 0.0715774 0.0176583 0.0078957 -0.7214829 0.6921620 2418052.0990991
-3.8803513 3.6531628 0.0721815 0.0086680 -0.0172923 0.6596189 0.7513513 2418056.4354354
-3.9031029 3.6307748 0.0727828 0.0168925 0.0094233 -0.7797531 0.6257883 2418060.7717717
-3.9257120 3.6082528 0.0733815 0.0101603 -0.0164598 0.5907361 0.8066329 2418065.1081081
-3.9481744 3.5855997 0.0739775 0.0159950 0.0108774 -0.8319383 0.5545309 2418069.4444444
-3.9704930 3.5628145 0.0745708 0.0115733 -0.0154989 0.5172433 0.8556198 2418073.7807808
-3.9926680 3.5398995 0.0751614 -0.0149726 -0.0122465 0.8776312 -0.4789461 2418078.1171171
-4.0146935 3.5168527 0.0757491 0.0128959 -0.0144171 0.4397141 0.8979295 2418082.4534534
-4.0365736 3.4936783 0.0763341 -0.0138334 -0.0135201 0.9164752 -0.3996237 2418086.7897898
-4.0583053 3.4703778 0.0769164 0.0141180 -0.0132228 0.3587534 0.9332319 2418091.1261261
-4.0798897 3.4469475 0.0774958 -0.0125863 -0.0146882 0.9481672 -0.3171828 2418095.4624624
-4.1013246 3.4233922 0.0780723 0.0152298 -0.0119252 0.2749930 0.9612516 2418099.7987988
-4.1226074 3.3997130 0.0786461 -0.0112409 -0.0157417 0.9724598 -0.2322665 2418104.1351351
-4.1437433 3.3759090 0.0792169 0.0162228 -0.0105346 0.1890867 0.9817699 2418108.4714715
-4.1647268 3.3519825 0.0797849 -0.0098078 -0.0166723 0.9891636 -0.1455377 2418112.8078078
-4.1855574 3.3279315 0.0803499 0.0170892 -0.0090618 0.1017047 0.9946266 2418117.1441441
-4.2062363 3.3037626 0.0809121 -0.0082981 -0.0174728 0.9981481 -0.0576732 2418121.4804805
-4.2267624 3.2794731 0.0814713 0.0178223 -0.0075183 0.0135291 0.9997214 2418125.8168168
-4.2471359 3.2550617 0.0820274 -0.0067237 -0.0181370 0.9993433 0.0306414 2418130.1531531
-4.2673531 3.2305343 0.0825807 0.0184163 -0.0059161 -0.0747521 0.9970145 2418134.4894895
-4.2874148 3.2058890 0.0831310 -0.0050969 -0.0186596 0.9927397 0.1187169 2418138.8258258
-4.3073244 3.1811288 0.0836782 0.0188665 -0.0042677 -0.1624500 0.9865272 2418143.1621622
-4.3270754 3.1562511 0.0842224 -0.0034302 -0.0190366 0.9783890 0.2058659 2418147.4984985
-4.3466695 3.1312588 0.0847635 0.0191696 -0.0025860 -0.2488801 0.9683411 2418151.8348348
-4.3661065 3.1061562 0.0853017 -0.0017368 -0.0192651 0.9564031 0.2914085 2418156.1711712
-4.3853859 3.0809391 0.0858367 0.0193230 -0.0008842 -0.3333680 0.9425983 2418160.5075075
-4.4045083 3.0556099 0.0863685 -0.0000298 -0.0193432 0.9269537 0.3746769 2418164.8438438
-4.4234677 3.0301714 0.0868973 0.0193256 0.0008246 -0.4152544 0.9094997 2418169.1801802
-4.4422700 3.0046233 0.0874230 0.0016774 -0.0192703 0.8902704 0.4550214 2418173.5165165
-4.4609126 2.9789677 0.0879455 0.0191775 0.0025269 -0.4939002 0.8693034 2418177.8528529
-4.4793927 2.9532023 0.0884647 0.0033715 -0.0190471 0.8466397 0.5318149 2418182.1891892
-4.4977121 2.9273315 0.0889809 0.0188796 0.0042095 -0.5686917 0.8223233 2418186.5255255
-4.5158686 2.9013573 0.0894939 0.0050393 -0.0186753 0.7964019 0.6044583 2418190.8618619
-4.5338646 2.8752754 0.0900035 0.0184345 0.0058593 -0.6390452 0.7689259 2418195.1981982
-4.5516964 2.8490919 0.0905100 0.0066678 -0.0181577 0.7399491 0.6723847 2418199.5345345
-4.5693629 2.8228053 0.0910132 0.0178454 0.0074633 -0.7044117 0.7095280 2418203.8708709
-4.5868681 2.7964181 0.0915131 0.0082442 -0.0174984 0.6777219 0.7350638 2418208.2072072
-4.6042078 2.7699302 0.0920098 0.0171172 0.0090091 -0.7642811 0.6445930 2418212.5435436
-4.6213810 2.7433407 0.0925031 0.0097564 -0.0167025 0.6102059 0.7920067 2418216.8798799
-4.6383895 2.7166562 0.0929932 0.0162553 0.0104846 -0.8181863 0.5746278 2418221.2162162
-4.6552313 2.6898731 0.0934799 0.0111923 -0.0157763 0.5379280 0.8427688 2418225.5525526
-4.6719085 2.6629922 0.0939633 0.0152666 0.0118782 -0.8657064 0.5001782 2418229.8888889
-4.6884154 2.6360170 0.0944433 0.0125410 -0.0147270 0.4614522 0.8869542 2418234.2252252
-4.7047550 2.6089476 0.0949199 -0.0141587 -0.0131792 0.9064707 -0.4218254 2418238.5615616
-4.7209292 2.5817858 0.0953932 0.0137917 -0.0135628 0.3813752 0.9242179 2418242.8978979
-4.7369323 2.5545298 0.0958630 -0.0129404 -0.0143773 0.9401611 -0.3401807 2418247.2342342
-4.7527669 2.5271820 0.0963293 0.0149349 -0.0122927 0.2983221 0.9542692 2418251.5705706
-4.7684306 2.4997473 0.0967923 -0.0116211 -0.0154633 0.9665147 -0.2558813 2418255.9069069
-4.7839263 2.4722211 0.0972518 0.0159615 -0.0109267 0.2129410 0.9768736 2418260.2432432
-4.7992517 2.4446063 0.0977078 -0.0102110 -0.0164285 0.9853257 -0.1695850 2418264.5795796
-4.8144030 2.4169050 0.0981604 0.0168635 -0.0094754 0.1258981 0.9918546 2418268.9159159
-4.8293850 2.3891177 0.0986094 -0.0087213 -0.0172656 0.9964474 -0.0819654 2418273.2522523
-4.8441959 2.3612470 0.0990550 0.0176340 -0.0079502 0.0378727 0.9990953 2418277.5885886
-4.8588332 2.3332884 0.0994970 -0.0071636 -0.0179679 0.9997931 0.0062939 2418281.9249249
-4.8732979 2.3052494 0.0999355 0.0182668 -0.0063629 -0.0504483 0.9985393 2418286.2612613
-4.8875886 2.2771293 0.1003705 -0.0055499 -0.0185300 0.9953365 0.0945041 2418290.5975976
-4.9017080 2.2489264 0.1008018 0.0187571 -0.0047260 -0.1383755 0.9901909 2418294.9339339
-4.9156525 2.2206445 0.1012296 -0.0038929 -0.0189475 0.9831125 0.1819768 2418299.2702703
-4.9294203 2.1922830 0.1016538 0.0191010 -0.0030522 -0.2252229 0.9741152 2418303.6066066
-4.9430168 2.1638457 0.1020744 -0.0022056 -0.0192171 0.9632165 0.2680294 2418307.9429429
-4.9564363 2.1353306 0.1024913 0.0192958 -0.0013546 -0.3103127 0.9504377 2418312.2792793
-4.9696807 2.1067383 0.1029046 -0.0005010 -0.0193368 0.9358037 0.3519903 2418316.6156156
-4.9827485 2.0780741 0.1033144 0.0193401 0.0003536 -0.3929809 0.9193432 2418320.9519519
-4.9956403 2.0493357 0.1037204 0.0012075 -0.0193056 0.9010881 0.4332044 2418325.2882883
-5.0083576 2.0205235 0.1041228 0.0192334 0.0020590 -0.4725823 0.8810742 2418329.6246246
-5.0208944 1.9916409 0.1045215 0.0029065 -0.0191237 0.8593406 0.5110378 2418333.9609609
-5.0332552 1.9626875 0.1049165 0.0189767 0.0037484 -0.5484958 0.8359295 2418338.2972973
-5.0454396 1.9336668 0.1053078 0.0045829 -0.0187926 0.8108869 0.5848832 2418342.6336336
-5.0574450 1.9045749 0.1056954 0.0185718 0.0054085 -0.6201289 0.7842614 2418346.9699699
-5.0692718 1.8754162 0.1060792 0.0062235 -0.0183148 0.7561052 0.6541642 2418351.3063063
-5.0809190 1.8461943 0.1064594 0.0180220 0.0070264 -0.6869227 0.7264731 2418355.6426426
-5.0923891 1.8169048 0.1068358 0.0078156 -0.0176941 0.6954229 0.7183403 2418359.9789790
-5.1036803 1.7875520 0.1072084 0.0173316 0.0085895 -0.7483558 0.6630154 2418364.3153153
-5.1147885 1.7581351 0.1075772 0.0093467 -0.0169353 0.6293138 0.7769106 2418368.6516516
-5.1257192 1.7286584 0.1079423 0.0165060 0.0100856 -0.8039489 0.5943838 2418372.9879880
-5.1364700 1.6991212 0.1083036 0.0108048 -0.0160444 0.5582936 0.8294180 2418377.3243243
-5.1470395 1.6695212 0.1086610 0.0155515 0.0115029 -0.8532681 0.5211136 2418381.6606606
-5.1574283 1.6398647 0.1090146 0.0121786 -0.0150282 0.4829165 0.8754527 2418385.9969970
-5.1676342 1.6101514 0.1093645 -0.0144756 -0.0128305 0.8959286 -0.4437768 2418390.3333333
-5.1776626 1.5803803 0.1097104 0.0134573 -0.0138948 0.4037709 0.9146556 2418394.6696696
-5.1875069 1.5505539 0.1100526 -0.0132868 -0.0140579 0.9315974 -0.3629768 2418399.0060060
-5.1971684 1.5206724 0.1103908 0.0146311 -0.0126529 0.3214743 0.9467207 2418403.3423423
-5.2066497 1.4907397 0.1107252 -0.0119943 -0.0151757 0.9599962 -0.2793443 2418407.6786786
-5.2159477 1.4607539 0.1110558 0.0156907 -0.0113123 0.2366690 0.9713978 2418412.0150150
-5.2250639 1.4307146 0.1113824 -0.0106082 -0.0161750 0.9809033 -0.1935317 2418416.3513513
-5.2339953 1.4006287 0.1117052 0.0166278 -0.0098835 0.1500167 0.9884942 2418420.6876877
-5.2427447 1.3704921 0.1120240 -0.0091394 -0.0170481 0.9941557 -0.1062089 2418425.0240240
-5.2513124 1.3403077 0.1123389 0.0174352 -0.0083774 0.0621938 0.9978766 2418429.3603603
-5.2596936 1.3100759 0.1126499 -0.0075992 -0.0177882 0.9996498 -0.0180573 2418433.6966967
-5.2678918 1.2797984 0.1129570 0.0181065 -0.0068061 -0.0261145 0.9994718 2418438.0330330
-5.2759074 1.2494786 0.1132601 -0.0059997 -0.0183894 0.9973429 0.0702353 2418442.3693693
-5.2837377 1.2191114 0.1135592 0.0186365 -0.0051816 -0.1142190 0.9932673 2418446.7057057
-5.2913840 1.1887030 0.1138544 -0.0043533 -0.0188472 0.9872529 0.1579798 2418451.0420420
-5.2988436 1.1582546 0.1141457 0.0190211 -0.0035166 -0.2014322 0.9793115 2418455.3783784
-5.3061213 1.1277646 0.1144329 -0.0026730 -0.0191578 0.9694585 0.2444914 2418459.7147147
-5.3132139 1.0972352 0.1147161 0.0192572 -0.0018242 -0.2870734 0.9577133 2418464.0510510
-5.3201181 1.0666666 0.1149954 -0.0009719 -0.0193190 0.9440987 0.3290950 2418468.3873874
-5.3268398 1.0360627 0.1152706 0.0193431 -0.0001176 -0.3704743 0.9286413 2418472.7237237
-5.3333751 1.0054232 0.1155419 0.0007369 -0.0193294 0.9113713 0.4111305 2418477.0600600
-5.3397258 0.9747454 0.1158090 0.0192780 0.0015899 -0.4509841 0.8923223 2418481.3963964
-5.3458889 0.9440359 0.1160722 0.0024399 -0.0191889 0.8715317 0.4899575 2418485.7327327
-5.3518655 0.9132942 0.1163314 0.0190624 0.0032850 -0.5279746 0.8490399 2418490.0690691
-5.3576592 0.8825197 0.1165865 0.0041238 -0.0188987 0.8248908 0.5649611 2418494.4054054
-5.3632644 0.8517148 0.1168375 0.0186982 0.0049545 -0.6008448 0.7991316 2418498.7417417
-5.3686825 0.8208786 0.1170844 0.0057756 -0.0184611 0.7718126 0.6355557 2418503.0780781
-5.3739153 0.7900175 0.1173274 0.0181880 0.0065854 -0.6690261 0.7429871 2418507.4144144
-5.3789614 0.7591266 0.1175662 0.0073823 -0.0178793 0.7127114 0.7011906 2418511.7507507
-5.3838213 0.7282084 0.1178009 0.0175358 0.0081648 -0.7319865 0.6810445 2418516.0870871
-5.3884924 0.6972671 0.1180316 0.0089314 -0.0171581 0.6480483 0.7613536 2418520.4234234
-5.3929773 0.6663006 0.1182582 0.0167468 0.0096805 -0.7892346 0.6137871 2418524.7597598
-5.3972775 0.6353117 0.1184806 0.0104108 -0.0163029 0.5783279 0.8155751 2418529.0960961
-5.4013870 0.6042991 0.1186990 0.0158272 0.0111207 -0.8403236 0.5417398 2418533.4324324
-5.4053110 0.5732667 0.1189132 0.0118090 -0.0153205 0.5040943 0.8634319 2418537.7687688
-5.4090476 0.5422160 0.1191234 -0.0147840 -0.0124741 0.8848549 -0.4654649 2418542.1051051
-5.4125970 0.5111437 0.1193293 0.0131150 -0.0142186 0.4259269 0.9045508 2418546.4414414
-5.4159591 0.4800545 0.1195311 -0.0136254 -0.0137302 0.9224810 -0.3855576 2418550.7777778
-5.4191313 0.4489502 0.1197289 0.0143186 -0.0130057 0.3444357 0.9386106 2418555.1141141
-5.4221195 0.4178292 0.1199224 -0.0123605 -0.0148791 0.9529082 -0.3026415 2418559.4504505
-5.4249188 0.3866943 0.1201119 0.0154105 -0.0116913 0.2602565 0.9653457 2418563.7867868
-5.4275289 0.3555441 0.1202971 -0.0109992 -0.0159119 0.9758990 -0.2173636 2418568.1231231
-5.4299526 0.3243844 0.1204782 0.0163822 -0.0102856 0.1740463 0.9845475 2418572.4594595
-5.4321887 0.2932135 0.1206552 -0.0095520 -0.0168205 0.9912741 -0.1303894 2418576.7957958
-5.4342378 0.2620292 0.1208279 0.0172260 -0.0087997 0.0864780 0.9960660 2418581.1321321
-5.4360974 0.2308388 0.1209965 -0.0080303 -0.0175979 0.9989135 -0.0423977 2418585.4684685
-5.4377687 0.1996396 0.1211610 0.0179354 -0.0072452 -0.0017653 0.9998113 2418589.8048048
-5.4392555 0.1684345 0.1213212 -0.0064459 -0.0182379 0.9987576 0.0459249 2418594.1411411
-5.4405522 0.1372219 0.1214772 0.0185048 -0.0056340 -0.0899948 0.9957544 2418598.4774775
-5.4416605 0.1060040 0.1216290 -0.0048112 -0.0187356 0.9908075 0.1338890 2418602.8138138
-5.4425821 0.0747857 0.1217768 0.0189299 -0.0039790 -0.1775220 0.9839267 2418607.1501502
-5.4433157 0.0435626 0.1219202 -0.0031390 -0.0190871 0.9751254 0.2208084 2418611.4864865
-5.4438630 0.0123372 0.1220594 0.0192072 -0.0022928 -0.2636638 0.9644207 2418615.8228228
-5.4442191 -0.0188873 0.1221945 -0.0014422 -0.0192897 0.9518335 0.3060045 2418620.1591592
-5.4443898 -0.0501113 0.1223253 0.0193346 -0.0005888 -0.3477480 0.9373885 2418624.4954955
-5.4443738 -0.0813331 0.1224519 0.0002658 -0.0193417 0.9211137 0.3888127 2418628.8318318
-5.4441678 -0.1125538 0.1225743 0.0193111 0.0011198 -0.4291185 0.9030411 2418633.1681682
-5.4437754 -0.1437701 0.1226925 0.0019717 -0.0192428 0.8832057 0.4685867 2418637.5045045
-5.4431947 -0.1749790 0.1228065 0.0191369 0.0028197 -0.5071402 0.8616465 2418641.8408408
-5.4424281 -0.2061855 0.1229161 0.0036622 -0.0189937 0.8384053 0.5447039 2418646.1771772
-5.4414730 -0.2373832 0.1230216 0.0188134 0.0044976 -0.5812043 0.8135277 2418650.5135135
-5.4403290 -0.2685727 0.1231229 0.0053242 -0.0185964 0.7870622 0.6165703 2418654.8498498
-5.4390004 -0.2997529 0.1232199 0.0183431 0.0061404 -0.6507328 0.7590604 2418659.1861862
-5.4374838 -0.3309227 0.1233127 0.0069446 -0.0180540 0.7295770 0.6836251 2418663.5225225
-5.4357785 -0.3620834 0.1234011 0.0177296 0.0077352 -0.7151830 0.6986695 2418667.8588588
-5.4338874 -0.3932282 0.1234855 0.0085108 -0.0173707 0.6663982 0.7453450 2418672.1951952
-5.4318089 -0.4243607 0.1235655 0.0169778 0.0092698 -0.7740522 0.6328263 2418676.5315315
-5.4295451 -0.4554804 0.1236412 0.0100106 -0.0165518 0.5980191 0.8012484 2418680.8678679
-5.4270920 -0.4865830 0.1237128 0.0160935 0.0107319 -0.8268807 0.5620446 2418685.2042042
-5.4244521 -0.5176689 0.1237800 0.0114323 -0.0156038 0.5249731 0.8508990 2418689.5405405
-5.4216290 -0.5487362 0.1238431 -0.0150836 -0.0121103 0.8732564 -0.4868768 2418693.8768769
-5.4186165 -0.5797866 0.1239018 0.0127648 -0.0145340 0.4478303 0.8939093 2418698.2132132
-5.4154183 -0.6108175 0.1239562 -0.0139560 -0.0133943 0.9128174 -0.4079096 2418702.5495495
-5.4120332 -0.6418241 0.1240065 0.0139976 -0.0133507 0.3671927 0.9299437 2418706.8858859
-5.4084635 -0.6728110 0.1240525 -0.0127194 -0.0145737 0.9452549 -0.3257590 2418711.2222222
-5.4047084 -0.7037756 0.1240941 0.0151212 -0.0120633 0.2836896 0.9587211 2418715.5585585
-5.4007642 -0.7347147 0.1241316 -0.0113836 -0.0156393 0.9703158 -0.2410664 2418719.8948949
-5.3966367 -0.7656289 0.1241647 0.0161269 -0.0106818 0.1979726 0.9800167 2418724.2312312
-5.3923244 -0.7965153 0.1241937 -0.0099590 -0.0165829 0.9878046 -0.1544924 2418728.5675675
-5.3878253 -0.8273778 0.1242182 0.0170066 -0.0092169 0.1107107 0.9936644 2418732.9039039
-5.3831413 -0.8582096 0.1242386 -0.0084567 -0.0173971 0.9975847 -0.0667129 2418737.2402402
-5.3782719 -0.8890108 0.1242547 0.0177537 -0.0076800 0.0225848 0.9995578 2418741.5765765
-5.3732193 -0.9197840 0.1242665 -0.0068884 -0.0180756 0.9995798 0.0215873 2418745.9129129
-5.3679814 -0.9505242 0.1242740 0.0183622 -0.0060832 -0.0657173 0.9976508 2418750.2492492
-5.3625568 -0.9812325 0.1242773 -0.0052663 -0.0186130 0.9937744 0.1097190 2418754.5855856
-5.3569515 -1.0119057 0.1242763 0.0188274 -0.0044390 -0.1535066 0.9879583 2418758.9219219
-5.3511605 -1.0425450 0.1242711 -0.0036031 -0.0190051 0.9802137 0.1969945 2418763.2582582
-5.3451854 -1.0731500 0.1242615 0.0191457 -0.0027601 -0.2400979 0.9705559 2418767.5945946
-5.3390270 -1.1037154 0.1242477 -0.0019118 -0.0192490 0.9590037 0.2827327 2418771.9309309
-5.3326848 -1.1342436 0.1242297 0.0193146 -0.0010597 -0.3248156 0.9455795 2418776.2672672
-5.3261619 -1.1647345 0.1242073 -0.0002055 -0.0193426 0.9303097 0.3662644 2418780.6036036
-5.3194524 -1.1951839 0.1241807 0.0193328 0.0006490 -0.4069984 0.9132240 2418784.9399399
-5.3125616 -1.2255928 0.1241499 0.0015023 -0.0192853 0.8943558 0.4469380 2418789.2762762
-5.3054900 -1.2559580 0.1241148 0.0192001 0.0023526 -0.4860051 0.8737419 2418793.6126126
-5.2982347 -1.2862824 0.1240754 0.0031984 -0.0190774 0.8514225 0.5241236 2418797.9489489
-5.2907975 -1.3165628 0.1240317 0.0189176 0.0040379 -0.5612191 0.8274412 2418802.2852853
-5.2831778 -1.3467945 0.1239839 0.0048696 -0.0187207 0.8018448 0.5972192 2418806.6216216
-5.2753785 -1.3769830 0.1239317 0.0184874 0.0056917 -0.6320535 0.7746833 2418810.9579579
-5.2673985 -1.4071235 0.1238752 0.0065027 -0.0182180 0.7460097 0.6656541 2418815.2942943
-5.2592343 -1.4372162 0.1238146 0.0179130 0.0073010 -0.6979554 0.7158799 2418819.6306306
-5.2508919 -1.4672582 0.1237497 0.0080851 -0.0175730 0.6843528 0.7288944 2418823.9669669
-5.2423699 -1.4972491 0.1236805 0.0171987 0.0088534 -0.7584106 0.6514899 2418828.3033033
-5.2336665 -1.5271919 0.1236070 0.0096044 -0.0167909 0.6173554 0.7864465 2418832.6396396
-5.2247839 -1.5570798 0.1235294 0.0163503 0.0103367 -0.8129473 0.5820158 2418836.9759760
-5.2157203 -1.5869135 0.1234476 0.0110488 -0.0158778 0.5455402 0.8378614 2418841.3123123
-5.2064809 -1.6166942 0.1233614 0.0153743 0.0117393 -0.8611400 0.5079998 2418845.6486486
-5.1970607 -1.6464191 0.1232710 0.0124069 -0.0148408 0.4694678 0.8827377 2418849.9849850
-5.1874607 -1.6760878 0.1231764 -0.0142783 -0.0130503 0.9026124 -0.4300194 2418854.3213213
-5.1776853 -1.7056974 0.1230776 0.0136683 -0.0136879 0.3897317 0.9207253 2418858.6576576
-5.1677305 -1.7352490 0.1229746 -0.0130708 -0.0142595 0.9370410 -0.3486833 2418862.9939940
-5.1575990 -1.7647432 0.1228672 0.0148229 -0.0124283 0.3069542 0.9515277 2418867.3303303
-5.1472889 -1.7941734 0.1227558 -0.0117614 -0.0153574 0.9641571 -0.2646260 2418871.6666667
-5.1368029 -1.8235435 0.1226401 0.0158619 -0.0110716 0.2217813 0.9749045 2418876.0030030
-5.1261420 -1.8528514 0.1225201 -0.0103602 -0.0163355 0.9837491 -0.1785037 2418880.3393393
-5.1153021 -1.8820953 0.1223960 0.0167771 -0.0096286 0.1348776 0.9906734 2418884.6756757
-5.1042872 -1.9112749 0.1222677 -0.0088781 -0.0171861 0.9956641 -0.0909883 2418889.0120120
-5.0930986 -1.9403864 0.1221352 0.0175614 -0.0081104 0.0469214 0.9987113 2418893.3483483
-5.0817335 -1.9694349 0.1219984 -0.0073268 -0.0179025 0.9998091 -0.0027629 2418897.6846847
-5.0701941 -1.9984144 0.1218574 0.0182087 -0.0065289 -0.0414009 0.9989553 2418902.0210210
-5.0584789 -2.0273233 0.1217124 -0.0057183 -0.0184793 0.9961517 0.0854840 2418906.3573574
-5.0465921 -2.0561643 0.1215630 0.0187138 -0.0048965 -0.1294002 0.9914037 2418910.6936937
-5.0345321 -2.0849345 0.1214095 -0.0040651 -0.0189118 0.9847206 0.1730639 2418915.0300300
-5.0222953 -2.1136336 0.1212518 0.0190729 -0.0032258 -0.2163897 0.9761154 2418919.3663664
-5.0098889 -2.1422584 0.1210900 -0.0023802 -0.0191968 0.9656049 0.2592932 2418923.7027027
-4.9973095 -2.1708091 0.1209241 0.0192832 -0.0015300 -0.3016905 0.9532097 2418928.0390390
-4.9845586 -2.1992884 0.1207538 -0.0006768 -0.0193320 0.9389538 0.3434990 2418932.3753754
-4.9716350 -2.2276897 0.1205795 0.0193430 0.0001777 -0.3846370 0.9228652 2418936.7117117
-4.9585395 -2.2560135 0.1204011 0.0010319 -0.0193163 0.9049753 0.4250242 2418941.0480481
-4.9452767 -2.2842612 0.1202184 0.0192519 0.0018841 -0.4645818 0.8853189 2418945.3843844
-4.9318412 -2.3124297 0.1200317 0.0027326 -0.0191499 0.8639344 0.5032326 2418949.7207207
-4.9182351 -2.3405201 0.1198408 0.0190105 0.0035758 -0.5409012 0.8408637 2418954.0570571
-4.9044613 -2.3685268 0.1196458 0.0044120 -0.0188340 0.8161516 0.5775139 2418958.3933934
-4.8905182 -2.3964538 0.1194466 0.0186207 0.0052395 -0.6129994 0.7898465 2418962.7297297
-4.8764068 -2.4242997 0.1192433 0.0060569 -0.0183711 0.7619997 0.6472884 2418967.0660661
-4.8621260 -2.4520592 0.1190360 0.0180857 0.0068624 -0.6803139 0.7326656 2418971.4024024
-4.8476782 -2.4797358 0.1188245 0.0076546 -0.0177649 0.7019013 0.7120115 2418975.7387387
-4.8330655 -2.5073262 0.1186089 0.0174095 0.0084318 -0.7423193 0.6697670 2418980.0750751
-4.8182827 -2.5348314 0.1183893 0.0091925 -0.0170201 0.6363254 0.7711782 2418984.4114114
-4.8033352 -2.5622484 0.1181655 0.0165975 0.0099353 -0.7985318 0.6016417 2418988.7477477
-4.7882226 -2.5895754 0.1179377 0.0106587 -0.0161424 0.5657837 0.8243268 2418993.0840841
-4.7729442 -2.6168159 0.1177058 0.0156559 0.0113613 -0.8485127 0.5288213 2418997.4204204
-4.7575016 -2.6439653 0.1174698 0.0120417 -0.0151388 0.4908267 0.8710425 2419001.7567568
-4.7418925 -2.6710217 0.1172299 -0.0145922 -0.0126986 0.8918720 -0.4518741 2419006.0930931
-4.7261232 -2.6979874 0.1169858 0.0133308 -0.0140170 0.4120394 0.9109607 2419010.4294294
-4.7101894 -2.7248595 0.1167377 -0.0134146 -0.0139369 0.9282712 -0.3714005 2419014.7657658
-4.6940910 -2.7516388 0.1164855 0.0145158 -0.0127859 0.3300366 0.9437699 2419019.1021021
-4.6778323 -2.7783208 0.1162294 -0.0121323 -0.0150664 0.9574264 -0.2880285 2419023.4384384
-4.6614119 -2.8049065 0.1159693 0.0155875 -0.0114550 0.2454583 0.9692141 2419027.7747748
-4.6448309 -2.8313989 0.1157050 -0.0107553 -0.0160783 0.9791100 -0.2024089 2419032.1111111
-4.6280877 -2.8577902 0.1154369 0.0165376 -0.0100346 0.1589644 0.9870948 2419036.4474474
-4.6111841 -2.8840832 0.1151647 -0.0092944 -0.0169647 0.9931528 -0.1152097 2419040.7837838
-4.5941242 -2.9102763 0.1148886 0.0173587 -0.0085360 0.0712300 0.9972723 2419045.1201201
-4.5769031 -2.9363696 0.1146085 -0.0077610 -0.0177188 0.9994452 -0.0271114 2419049.4564564
-4.5595226 -2.9623621 0.1143243 0.0180443 -0.0069708 -0.0170602 0.9996673 2419053.7927928
-4.5419860 -2.9882487 0.1140363 -0.0061670 -0.0183346 0.9979382 0.0611985 2419058.1291291
-4.5242914 -3.0140342 0.1137444 0.0185891 -0.0053511 -0.1052173 0.9942611 2419062.4654654
-4.5064415 -3.0397161 0.1134484 -0.0045248 -0.0188073 0.9886433 0.1490308 2419066.8018018
-4.4884325 -3.0652910 0.1131485 0.0189888 -0.0036897 -0.1925533 0.9810958 2419071.1381381
-4.4702696 -3.0907600 0.1128448 -0.0028474 -0.0191333 0.9716333 0.2357001 2419075.4744744
-4.4519534 -3.1161216 0.1125371 0.0192404 -0.0019995 -0.2783867 0.9602743 2419079.8108108
-4.4334798 -3.1413764 0.1122255 -0.0011477 -0.0193099 0.9470408 0.3205300 2419084.1471471
-4.4148540 -3.1665218 0.1119100 0.0193418 -0.0002937 -0.3620476 0.9319589 2419088.4834835
-4.3960744 -3.1915550 0.1115907 0.0005609 -0.0193359 0.9150578 0.4028585 2419092.8198198
-4.3771433 -3.2164809 0.1112674 0.0192922 0.0014144 -0.4428831 0.8963707 2419097.1561561
-4.3580594 -3.2412936 0.1109403 0.0022651 -0.0192109 0.8759339 0.4820432 2419101.4924925
-4.3388226 -3.2659930 0.1106093 0.0190921 0.0031114 -0.5202625 0.8537873 2419105.8288288
-4.3194379 -3.2905797 0.1102745 0.0039517 -0.0189361 0.8299743 0.5574662 2419110.1651651
-4.2999022 -3.3150514 0.1099359 0.0187431 0.0047842 -0.5935818 0.8045412 2419114.5015015
-4.2802151 -3.3394102 0.1095934 0.0056074 -0.0185134 0.7775377 0.6285387 2419118.8378378
-4.2603808 -3.3636494 0.1092472 0.0182477 0.0064197 -0.6622689 0.7490165 2419123.1741741
-4.2403979 -3.3877726 0.1088972 0.0072194 -0.0179464 0.7190333 0.6947063 2419127.5105105
-4.2202684 -3.4117801 0.1085432 0.0176100 0.0080050 -0.7257877 0.6876467 2419131.8468468
-4.1999900 -3.4356668 0.1081856 0.0087750 -0.0172392 0.6549178 0.7554525 2419136.1831832
-4.1795648 -3.4594339 0.1078243 0.0168348 0.0095279 -0.7836427 0.6209106 2419140.5195195
-4.1589976 -3.4830800 0.1074591 0.0102622 -0.0163975 0.5856914 0.8103033 2419144.8558558
-4.1382822 -3.5066063 0.1070902 0.0159283 0.0109764 -0.8353822 0.5493290 2419149.1921922
-4.1174228 -3.5300106 0.1067175 0.0116693 -0.0154279 0.5118943 0.8588306 2419153.5285285
-4.0964199 -3.5532887 0.1063412 -0.0148974 -0.0123393 0.8806026 -0.4734605 2419157.8648648
-4.0752746 -3.5764449 0.1059611 0.0129853 -0.0143379 0.4341025 0.9006558 2419162.2012012
-4.0539879 -3.5994772 0.1055772 -0.0137504 -0.0136059 0.9189509 -0.3938972 2419166.5375375
-4.0325562 -3.6223820 0.1051898 0.0142000 -0.0131360 0.3529231 0.9354523 2419170.8738738
-4.0109860 -3.6451609 0.1047986 -0.0124960 -0.0147663 0.9501279 -0.3112601 2419175.2102102
-3.9892762 -3.6678110 0.1044039 0.0153038 -0.0118316 0.2689895 0.9629488 2419179.5465465
-3.9674251 -3.6903357 0.1040053 -0.0111441 -0.0158115 0.9738902 -0.2261939 2419183.8828829
-3.9454357 -3.7127296 0.1036032 0.0162883 -0.0104348 0.1829568 0.9829306 2419188.2192192
-3.9233079 -3.7349918 0.1031976 -0.0097052 -0.0167333 0.9900525 -0.1393625 2419192.5555555
-3.9010439 -3.7571263 0.1027882 0.0171456 -0.0089566 0.0954963 0.9952418 2419196.8918919
-3.8786427 -3.7791274 0.1023752 -0.0081906 -0.0175245 0.9984885 -0.0514436 2419201.2282282
-3.8561033 -3.8009966 0.1019587 0.0178692 -0.0074085 0.0072905 0.9997863 2419205.5645645
-3.8334320 -3.8227314 0.1015386 -0.0066121 -0.0181790 0.9991326 0.0368768 2419209.9009009
-3.8106250 -3.8443329 0.1011149 0.0184533 -0.0058027 -0.0809721 0.9965286 2419214.2372372
-3.7876831 -3.8658009 0.1006876 -0.0049819 -0.0186916 0.9919796 0.1249094 2419218.5735736
-3.7646094 -3.8871303 0.1002569 0.0188934 -0.0041515 -0.1686029 0.9854942 2419222.9099099
-3.7414026 -3.9083240 0.0998226 -0.0033129 -0.0190583 0.9770853 0.2119672 2419227.2462462
-3.7180666 -3.9293821 0.0993848 0.0191860 -0.0024679 -0.2549179 0.9667692 2419231.5825826
-3.6945965 -3.9503003 0.0989435 -0.0016181 -0.0192763 0.9545661 0.2973709 2419235.9189189
-3.6709974 -3.9710798 0.0984987 0.0193290 -0.0007651 -0.3392435 0.9404997 2419240.2552552
-3.6472714 -3.9917186 0.0980505 0.0000894 -0.0193439 0.9245975 0.3804540 2419244.5915916
-3.6234148 -4.0122185 0.0975988 0.0193211 0.0009437 -0.4209218 0.9068907 2419248.9279279
-3.5994308 -4.0325777 0.0971436 0.0017962 -0.0192606 0.8874136 0.4605680 2419253.2642643
-3.5753195 -4.0527908 0.0966852 0.0191624 0.0026452 -0.4993153 0.8662044 2419257.6006006
-3.5510836 -4.0728643 0.0962232 0.0034890 -0.0190269 0.8433045 0.5370879 2419261.9369369
-3.5267228 -4.0927936 0.0957578 0.0188542 0.0043260 -0.5738121 0.8187585 2419266.2732733
-3.5022344 -4.1125782 0.0952891 0.0051545 -0.0186448 0.7926143 0.6094164 2419270.6096096
-3.4776246 -4.1322170 0.0948170 0.0183989 0.0059730 -0.6438311 0.7649231 2419274.9459459
-3.4528930 -4.1517087 0.0943416 0.0067798 -0.0181171 0.7357388 0.6769891 2419279.2822823
-3.4280374 -4.1710570 0.0938627 0.0178000 0.0075734 -0.7088257 0.7051183 2419283.6186186
-3.4030614 -4.1902553 0.0933806 0.0083523 -0.0174481 0.6731216 0.7392788 2419287.9549550
-3.3779637 -4.2093045 0.0928953 0.0170622 0.0091148 -0.7682888 0.6398110 2419292.2912913
-3.3527492 -4.2282065 0.0924066 0.0098595 -0.0166429 0.6052515 0.7957992 2419296.6276276
-3.3274144 -4.2469582 0.0919146 0.0161912 0.0105850 -0.8217563 0.5695107 2419300.9639640
-3.3019599 -4.2655595 0.0914194 0.0112898 -0.0157079 0.5326582 0.8461094 2419305.3003003
-3.2763917 -4.2840085 0.0909210 -0.0151939 -0.0119726 0.8688109 -0.4947660 2419309.6366366
-3.2507054 -4.3023058 0.0904193 0.0126320 -0.0146503 0.4559081 0.8898166 2419313.9729730
-3.2249041 -4.3204526 0.0899144 -0.0140780 -0.0132668 0.9090855 -0.4161603 2419318.3093093
-3.1989876 -4.3384427 0.0894063 0.0138756 -0.0134783 0.3756001 0.9265799 2419322.6456456
-3.1729579 -4.3562797 0.0888951 -0.0128523 -0.0144574 0.9422657 -0.3343069 2419326.9819820
-3.1468170 -4.3739631 0.0883806 0.0150110 -0.0122012 0.2923611 0.9561123 2419331.3183183
-3.1205613 -4.3914896 0.0878631 -0.0115262 -0.0155353 0.9680927 -0.2498446 2419335.6546547
-3.0941954 -4.4088606 0.0873424 0.0160292 -0.0108288 0.2068405 0.9781834 2419339.9909910
-3.0677211 -4.4260723 0.0868186 -0.0101103 -0.0164919 0.9863648 -0.1634326 2419344.3273273
-3.0411358 -4.4431295 0.0862917 0.0169223 -0.0093720 0.1197057 0.9926209 2419348.6636637
