0.4422971 -1.3497502 -0.0391938 0.1845164 -0.1390043 0.8417813 -0.4878891 2415021.0000000
0.4517868 -1.3459046 -0.0393487 0.2133829 0.0885225 0.8474192 0.4780296 2415021.6866867
0.4612545 -1.3419934 -0.0395016 0.0319323 0.2287986 0.0178133 0.9727868 2415022.3733734
0.4706997 -1.3380168 -0.0396527 -0.1809917 0.1435635 -0.8293500 0.5087339 2415023.0600601
0.4801219 -1.3339748 -0.0398018 0.2155245 0.0831725 0.8590790 0.4567437 2415023.7467467
0.4895206 -1.3298676 -0.0399489 0.0376294 0.2279309 0.0420720 0.9720399 2415024.4334334
0.4988953 -1.3256953 -0.0400941 -0.1773545 0.1480333 -0.8164026 0.5292621 2415025.1201201
0.5082456 -1.3214580 -0.0402373 0.2175320 0.0777707 0.8702043 0.4351736 2415025.8068068
0.5175709 -1.3171557 -0.0403786 0.0433030 0.2269214 0.0663044 0.9706880 2415026.4934935
0.5268707 -1.3127887 -0.0405178 -0.1736069 0.1524110 -0.8029472 0.5494609 2415027.1801802
0.5361446 -1.3083571 -0.0406551 0.2194042 0.0723206 0.8807881 0.4133327 2415027.8668669
0.5453921 -1.3038610 -0.0407904 0.0489496 0.2257707 0.0904957 0.9687322 2415028.5535536
0.5546126 -1.2993005 -0.0409236 -0.1697513 0.1566939 -0.7889922 0.5693179 2415029.2402402
0.5638058 -1.2946757 -0.0410548 0.2211399 0.0668255 0.8908238 0.3912346 2415029.9269269
0.5729710 -1.2899870 -0.0411840 0.0545659 0.2244795 0.1146306 0.9661736 2415030.6136136
0.5821078 -1.2852342 -0.0413112 -0.1657900 0.1608793 -0.7745462 0.5888206 2415031.3003003
0.5912158 -1.2804178 -0.0414363 0.2227379 0.0612887 0.9003052 0.3688931 2415031.9869870
0.6002943 -1.2755377 -0.0415593 0.0601481 0.2230486 0.1386942 0.9630137 2415032.6736737
0.6093431 -1.2705941 -0.0416803 -0.1617256 0.1649646 -0.7596183 0.6079569 2415033.3603604
0.6183614 -1.2655873 -0.0417992 0.2241973 0.0557139 0.9092264 0.3463220 2415034.0470470
0.6273490 -1.2605174 -0.0419160 0.0656929 0.2214789 0.1626715 0.9592547 2415034.7337337
0.6363052 -1.2553846 -0.0420308 -0.1575605 0.1689472 -0.7442177 0.6267149 2415035.4204204
0.6452296 -1.2501890 -0.0421434 0.2255173 0.0501043 0.9175818 0.3235354 2415036.1071071
0.6541217 -1.2449308 -0.0422539 0.0711969 0.2197714 0.1865475 0.9548987 2415036.7937938
0.6629810 -1.2396103 -0.0423623 -0.1532974 0.1728247 -0.7283540 0.6450829 2415037.4804805
0.6718071 -1.2342276 -0.0424686 0.2266969 0.0444636 0.9253662 0.3005475 2415038.1671672
0.6805995 -1.2287830 -0.0425727 0.0766565 0.2179272 0.2103075 0.9499486 2415038.8538538
0.6893576 -1.2232765 -0.0426747 -0.1489389 0.1765947 -0.7120371 0.6630495 2415039.5405405
0.6980810 -1.2177085 -0.0427746 0.2277354 0.0387953 0.9325749 0.2773726 2415040.2272272
0.7067693 -1.2120791 -0.0428723 0.0820685 0.2159473 0.2339366 0.9444073 2415040.9139139
0.7154219 -1.2063886 -0.0429678 -0.1444878 0.1802547 -0.6952772 0.6806035 2415041.6006006
0.7240383 -1.2006372 -0.0430612 0.2286322 0.0331028 0.9392033 0.2540251 2415042.2872873
0.7326182 -1.1948250 -0.0431523 0.0874294 0.2138331 0.2574202 0.9382784 2415042.9739740
0.7411610 -1.1889524 -0.0432414 -0.1399467 0.1838026 -0.6780846 0.6977341 2415043.6606607
0.7496662 -1.1830196 -0.0433282 0.2293868 0.0273896 0.9452472 0.2305196 2415044.3473473
0.7581334 -1.1770267 -0.0434128 0.0927358 0.2115858 0.2807436 0.9315657 2415045.0340340
0.7665621 -1.1709741 -0.0434952 -0.1353185 0.1872362 -0.6604700 0.7144305 2415045.7207207
0.7749518 -1.1648620 -0.0435754 0.2299986 0.0216595 0.9507029 0.2068706 2415046.4074074
0.7833022 -1.1586906 -0.0436534 0.0979846 0.2092068 0.3038922 0.9242732 2415047.0940941
0.7916126 -1.1524602 -0.0437291 -0.1306062 0.1905532 -0.6424445 0.7306823 2415047.7807808
0.7998827 -1.1461711 -0.0438027 0.2304673 0.0159158 0.9555671 0.1830928 2415048.4674675
0.8081119 -1.1398234 -0.0438740 0.1031724 0.2066977 0.3268518 0.9164057 2415049.1541541
0.8162999 -1.1334176 -0.0439430 -0.1258125 0.1937516 -0.6240192 0.7464794 2415049.8408408
0.8244461 -1.1269538 -0.0440098 0.2307926 0.0101623 0.9598367 0.1592012 2415050.5275275
0.8325502 -1.1204323 -0.0440744 0.1082960 0.2040600 0.3496080 0.9079679 2415051.2142142
0.8406116 -1.1138535 -0.0441367 -0.1209406 0.1968295 -0.6052056 0.7618121 2415051.9009009
0.8486298 -1.1072175 -0.0441967 0.2309743 0.0044024 0.9635090 0.1352104 2415052.5875876
0.8566046 -1.1005247 -0.0442545 0.1133522 0.2012952 0.3721467 0.8989652 2415053.2742743
0.8645353 -1.0937754 -0.0443100 -0.1159934 0.1997849 -0.5860155 0.7766707 2415053.9609610
0.8724216 -1.0869698 -0.0443632 0.2310122 -0.0013602 0.9665818 0.1111356 2415054.6476476
0.8802630 -1.0801083 -0.0444141 0.1183379 0.1984052 0.3944538 0.8894030 2415055.3343343
0.8880591 -1.0731912 -0.0444627 -0.1109741 0.2026160 -0.5664607 0.7910460 2415056.0210210
0.8958093 -1.0662188 -0.0445091 0.2309064 -0.0071219 0.9690531 0.0869916 2415056.7077077
0.9035134 -1.0591914 -0.0445531 0.1232499 0.1953918 0.4165154 0.8792874 2415057.3943944
0.9111708 -1.0521093 -0.0445949 -0.1058857 0.2053210 -0.5465534 0.8049291 2415058.0810811
0.9187812 -1.0449728 -0.0446344 0.2306569 -0.0128792 0.9709215 0.0627934 2415058.7677678
0.9263440 -1.0377823 -0.0446715 0.1280853 0.1922567 0.4383179 0.8686247 2415059.4544544
0.9338589 -1.0305380 -0.0447063 -0.1007314 0.2078983 -0.5263060 0.8183114 2415060.1411411
0.9413254 -1.0232404 -0.0447388 0.2302639 -0.0186285 0.9721856 0.0385562 2415060.8278278
0.9487431 -1.0158898 -0.0447690 0.1328409 0.1890021 0.4598476 0.8574215 2415061.5145145
0.9561116 -1.0084864 -0.0447969 -0.0955144 0.2103461 -0.5057311 0.8311844 2415062.2012012
0.9634304 -1.0010307 -0.0448225 0.2297276 -0.0243663 0.9728449 0.0142950 2415062.8878879
0.9706992 -0.9935230 -0.0448457 0.1375139 0.1856298 0.4810912 0.8456848 2415063.5745746
0.9779176 -0.9859637 -0.0448666 -0.0902380 0.2126631 -0.4848416 0.8435403 2415064.2612612
0.9850851 -0.9783531 -0.0448851 0.2290484 -0.0300888 0.9728988 -0.0099751 2415064.9479479
0.9922012 -0.9706915 -0.0449013 0.1421013 0.1821420 0.5020354 0.8334218 2415065.6346346
0.9992657 -0.9629794 -0.0449152 -0.0849054 0.2148478 -0.4636503 0.8553712 2415066.3213213
1.0062781 -0.9552170 -0.0449267 0.2282266 -0.0357927 0.9723473 -0.0342390 2415067.0080080
1.0132381 -0.9474049 -0.0449359 0.1466003 0.1785409 0.5226672 0.8206403 2415067.6946947
1.0201451 -0.9395433 -0.0449428 -0.0795200 0.2168988 -0.4421705 0.8666699 2415068.3813814
1.0269989 -0.9316326 -0.0449473 0.2272628 -0.0414742 0.9711907 -0.0584816 2415069.0680681
1.0337990 -0.9236733 -0.0449494 0.1510081 0.1748287 0.5429739 0.8073481 2415069.7547547
1.0405450 -0.9156656 -0.0449492 -0.0740851 0.2188148 -0.4204156 0.8774293 2415070.4414414
1.0472366 -0.9076101 -0.0449467 0.2261576 -0.0471300 0.9694298 -0.0826878 2415071.1281281
1.0538734 -0.8995070 -0.0449418 0.1553219 0.1710076 0.5629426 0.7935535 2415071.8148148
1.0604549 -0.8913568 -0.0449345 -0.0686041 0.2205946 -0.3983991 0.8876427 2415072.5015015
1.0669809 -0.8831599 -0.0449249 0.2249117 -0.0527564 0.9670658 -0.1068425 2415073.1881882
1.0734510 -0.8749168 -0.0449129 0.1595390 0.1670802 0.5825610 0.7792651 2415073.8748749
1.0798647 -0.8666277 -0.0448986 -0.0630804 0.2222372 -0.3761347 0.8973038 2415074.5615615
1.0862218 -0.8582931 -0.0448819 0.2235258 -0.0583500 0.9640999 -0.1309308 2415075.2482482
1.0925219 -0.8499135 -0.0448629 0.1636569 0.1630488 0.6018170 0.7644919 2415075.9349349
1.0987645 -0.8414892 -0.0448415 -0.0575175 0.2237415 -0.3536362 0.9064066 2415076.6216216
1.1049494 -0.8330207 -0.0448178 0.2220008 -0.0639073 0.9605341 -0.1549376 2415077.3083083
1.1110762 -0.8245084 -0.0447917 0.1676729 0.1589160 0.6206985 0.7492429 2415077.9949950
1.1171446 -0.8159527 -0.0447632 -0.0519188 0.2251065 -0.3309177 0.9149453 2415078.6816817
1.1231542 -0.8073541 -0.0447324 0.2203377 -0.0694248 0.9563707 -0.1788480 2415079.3683684
1.1291046 -0.7987130 -0.0446992 0.1715847 0.1546842 0.6391937 0.7335277 2415080.0550550
1.1349956 -0.7900299 -0.0446637 -0.0462878 0.2263315 -0.3079933 0.9229147 2415080.7417417
1.1408268 -0.7813051 -0.0446258 0.2185375 -0.0748991 0.9516121 -0.2026471 2415081.4284284
1.1465979 -0.7725391 -0.0445856 0.1753896 0.1503562 0.6572912 0.7173561 2415082.1151151
1.1523085 -0.7637325 -0.0445430 -0.0406279 0.2274156 -0.2848772 0.9303099 2415082.8018018
1.1579584 -0.7548855 -0.0444980 0.2166013 -0.0803268 0.9462614 -0.2263201 2415083.4884885
1.1635472 -0.7459988 -0.0444508 0.1790854 0.1459347 0.6749797 0.7007381 2415084.1751752
1.1690746 -0.7370726 -0.0444011 -0.0349428 0.2283583 -0.2615839 0.9371261 2415084.8618618
1.1745403 -0.7281076 -0.0443492 0.2145303 -0.0857046 0.9403219 -0.2498523 2415085.5485485
1.1799440 -0.7191041 -0.0442949 0.1826697 0.1414223 0.6922482 0.6836841 2415086.2352352
1.1852854 -0.7100627 -0.0442382 -0.0292360 0.2291588 -0.2381278 0.9433592 2415086.9219219
1.1905641 -0.7009837 -0.0441792 0.2123258 -0.0910290 0.9337973 -0.2732290 2415087.6086086
1.1957800 -0.6918678 -0.0441179 0.1861404 0.1368220 0.7090859 0.6662046 2415088.2952953
1.2009327 -0.6827152 -0.0440543 -0.0235109 0.2298168 -0.2145235 0.9490054 2415088.9819820
1.2060220 -0.6735266 -0.0439883 0.2099892 -0.0962967 0.9266916 -0.2964356 2415089.6686686
1.2110474 -0.6643024 -0.0439200 0.1894953 0.1321365 0.7254825 0.6483106 2415090.3553553
1.2160089 -0.6550431 -0.0438494 -0.0177713 0.2303317 -0.1907857 0.9540609 2415091.0420420
1.2209061 -0.6457491 -0.0437764 0.2075219 -0.1015046 0.9190093 -0.3194579 2415091.7287287
1.2257387 -0.6364210 -0.0437012 0.1927322 0.1273687 0.7414276 0.6300132 2415092.4154154
1.2305064 -0.6270592 -0.0436236 -0.0120205 0.2307033 -0.1669293 0.9585229 2415093.1021021
1.2352091 -0.6176643 -0.0435437 0.2049255 -0.1066493 0.9107552 -0.3422813 2415093.7887888
1.2398465 -0.6082367 -0.0434615 0.1958493 0.1225217 0.7569113 0.6113238 2415094.4754755
1.2444183 -0.5987769 -0.0433771 -0.0062623 0.2309314 -0.1429689 0.9623884 2415095.1621621
1.2489242 -0.5892854 -0.0432903 0.2022015 -0.1117276 0.9019343 -0.3648918 2415095.8488488
1.2533641 -0.5797628 -0.0432012 0.1988444 0.1175985 0.7719240 0.5922540 2415096.5355355
1.2577376 -0.5702095 -0.0431099 -0.0005002 0.2310157 -0.1189196 0.9656550 2415097.2222222
1.2620447 -0.5606260 -0.0430163 0.1993518 -0.1167364 0.8925522 -0.3872752 2415097.9089089
1.2662849 -0.5510128 -0.0429203 0.2017158 0.1126021 0.7864565 0.5728156 2415098.5955956
1.2704582 -0.5413706 -0.0428222 0.0052622 0.2309563 -0.0947963 0.9683208 2415099.2822823
1.2745642 -0.5316996 -0.0427217 0.1963780 -0.1216725 0.8826147 -0.4094176 2415099.9689689
1.2786028 -0.5220006 -0.0426190 0.2044617 0.1075357 0.8004995 0.5530208 2415100.6556556
1.2825738 -0.5122739 -0.0425141 0.0110214 0.2307532 -0.0706139 0.9703840 2415101.3423423
1.2864770 -0.5025201 -0.0424069 0.1932820 -0.1265329 0.8721280 -0.4313053 2415102.0290290
1.2903121 -0.4927398 -0.0422974 0.2070804 0.1024023 0.8140444 0.5328819 2415102.7157157
1.2940789 -0.4829334 -0.0421857 0.0167737 0.2304065 -0.0463877 0.9718434 2415103.4024024
1.2977774 -0.4731015 -0.0420718 0.1900657 -0.1313146 0.8610986 -0.4529246 2415104.0890891
1.3014072 -0.4632445 -0.0419557 0.2095702 0.0972052 0.8270828 0.5124114 2415104.7757758
1.3049683 -0.4533631 -0.0418373 0.0225155 0.2299164 -0.0221326 0.9726981 2415105.4624624
1.3084604 -0.4434577 -0.0417168 0.1867312 -0.1360146 0.8495334 -0.4742620 2415106.1491491
1.3118833 -0.4335288 -0.0415940 0.2119296 0.0919476 0.8396066 0.4916221 2415106.8358358
1.3152370 -0.4235771 -0.0414690 0.0282434 0.2292833 0.0021363 0.9729475 2415107.5225225
1.3185211 -0.4136030 -0.0413419 0.1832805 -0.1406300 0.8374396 -0.4953044 2415108.2092092
1.3217357 -0.4036070 -0.0412125 0.2141571 0.0866328 0.8516079 0.4705268 2415108.8958959
1.3248804 -0.3935898 -0.0410810 0.0339536 0.2285075 0.0264038 0.9725915 2415109.5825826
1.3279553 -0.3835518 -0.0409473 -0.1797157 0.1451578 -0.8248247 0.5160385 2415110.2692692
1.3309600 -0.3734935 -0.0408115 0.2162514 0.0812641 0.8630793 0.4491388 2415110.9559559
1.3338946 -0.3634155 -0.0406735 0.0396428 0.2275895 0.0506550 0.9716304 2415111.6426426
1.3367588 -0.3533184 -0.0405333 -0.1760391 0.1495953 -0.8116965 0.5364515 2415112.3293293
1.3395525 -0.3432026 -0.0403910 0.2182111 0.0758448 0.8740136 0.4274713 2415113.0160160
1.3422756 -0.3330687 -0.0402466 0.0453072 0.2265298 0.0748746 0.9700646 2415113.7027027
1.3449281 -0.3229173 -0.0401001 -0.1722529 0.1539398 -0.7980633 0.5565308 2415114.3893894
1.3475097 -0.3127489 -0.0399515 0.2200350 0.0703783 0.8844041 0.4055378 2415115.0760761
1.3500203 -0.3025640 -0.0398007 0.0509435 0.2253293 0.0990476 0.9678952 2415115.7627627
1.3524599 -0.2923632 -0.0396479 -0.1683596 0.1581884 -0.7839334 0.5762637 2415116.4494494
1.3548284 -0.2821470 -0.0394929 0.2217220 0.0648680 0.8942442 0.3833519 2415117.1361361
1.3571256 -0.2719160 -0.0393359 0.0565481 0.2239885 0.1231590 0.9651235 2415117.8228228
1.3593515 -0.2616707 -0.0391769 -0.1643615 0.1623386 -0.7693158 0.5956381 2415118.5095095
1.3615060 -0.2514116 -0.0390157 0.2232711 0.0593174 0.9035280 0.3609276 2415119.1961962
1.3635890 -0.2411394 -0.0388526 0.0621175 0.2225083 0.1471937 0.9617513 2415119.8828829
1.3656004 -0.2308545 -0.0386874 -0.1602611 0.1663878 -0.7542194 0.6146418 2415120.5695695
1.3675401 -0.2205574 -0.0385201 0.2246812 0.0537299 0.9122495 0.3382786 2415121.2562562
1.3694082 -0.2102488 -0.0383508 0.0676482 0.2208897 0.1711368 0.9577806 2415121.9429429
1.3712045 -0.1999292 -0.0381796 -0.1560610 0.1703335 -0.7386538 0.6332630 2415122.6296296
1.3729290 -0.1895991 -0.0380063 0.2259514 0.0481089 0.9204033 0.3154191 2415123.3163163
1.3745816 -0.1792591 -0.0378310 0.0731369 0.2191336 0.1949735 0.9532139 2415124.0030030
1.3761622 -0.1689097 -0.0376538 -0.1517638 0.1741731 -0.7226285 0.6514902 2415124.6896897
1.3776710 -0.1585514 -0.0374746 0.2270811 0.0424580 0.9279845 0.2923634 2415125.3763764
1.3791077 -0.1481849 -0.0372934 0.0785800 0.2172411 0.2186889 0.9480541 2415126.0630630
1.3804723 -0.1378107 -0.0371103 -0.1473721 0.1779044 -0.7061536 0.6693120 2415126.7497497
1.3817650 -0.1274292 -0.0369252 0.2280695 0.0367806 0.9349881 0.2691257 2415127.4364364
1.3829855 -0.1170411 -0.0367382 0.0839742 0.2152135 0.2422681 0.9423044 2415128.1231231
1.3841339 -0.1066469 -0.0365493 -0.1428888 0.1815250 -0.6892392 0.6867174 2415128.8098098
1.3852102 -0.0962471 -0.0363585 0.2289160 0.0310804 0.9414100 0.2457206 2415129.4964965
1.3862144 -0.0858423 -0.0361658 0.0893162 0.2130520 0.2656966 0.9359684 2415130.1831832
1.3871465 -0.0754331 -0.0359713 -0.1383165 0.1850326 -0.6718960 0.7036954 2415130.8698698
1.3880065 -0.0650199 -0.0357748 0.2296200 0.0253609 0.9472462 0.2221625 2415131.5565565
1.3887943 -0.0546033 -0.0355765 0.0946026 0.2107578 0.2889598 0.9290499 2415132.2432432
1.3895101 -0.0441840 -0.0353763 -0.1336582 0.1884251 -0.6541347 0.7202356 2415132.9299299
1.3901537 -0.0337623 -0.0351744 0.2301812 0.0196255 0.9524928 0.1984663 2415133.6166166
1.3907253 -0.0233388 -0.0349705 0.0998302 0.2083326 0.3120432 0.9215533 2415134.3033033
1.3912248 -0.0129142 -0.0347649 -0.1289167 0.1917003 -0.6359664 0.7363276 2415134.9899900
1.3916523 -0.0024889 -0.0345575 0.2305991 0.0138780 0.9571468 0.1746465 2415135.6766767
1.3920079 0.0079366 -0.0343483 0.1049956 0.2057777 0.3349324 0.9134833 2415136.3633633
1.3922915 0.0183616 -0.0341373 -0.1240949 0.1948563 -0.6174023 0.7519614 2415137.0500500
1.3925032 0.0287857 -0.0339246 0.2308735 0.0081218 0.9612053 0.1507181 2415137.7367367
1.3926430 0.0392083 -0.0337101 0.1100957 0.2030947 0.3576132 0.9048449 2415138.4234234
1.3927111 0.0496289 -0.0334938 -0.1191960 0.1978910 -0.5984540 0.7671273 2415139.1101101
1.3927074 0.0600469 -0.0332759 0.2310042 0.0023605 0.9646656 0.1266959 2415139.7967968
1.3926320 0.0704619 -0.0330562 0.1151272 0.2002854 0.3800715 0.8956434 2415140.4834835
1.3924851 0.0808732 -0.0328348 -0.1142229 0.2008025 -0.5791334 0.7818158 2415141.1701702
1.3922665 0.0912804 -0.0326117 0.2309912 -0.0034022 0.9675256 0.1025948 2415141.8568568
1.3919766 0.1016829 -0.0323870 0.1200872 0.1973515 0.4022932 0.8858847 2415142.5435435
1.3916152 0.1120802 -0.0321606 -0.1091787 0.2035892 -0.5594524 0.7960179 2415143.2302302
1.3911826 0.1224717 -0.0319326 0.2308345 -0.0091628 0.9697836 0.0784299 2415143.9169169
1.3906787 0.1328570 -0.0317029 0.1249724 0.1942947 0.4242647 0.8755746 2415144.6036036
1.3901037 0.1432354 -0.0314716 -0.1040666 0.2062491 -0.5394233 0.8097247 2415145.2902903
1.3894578 0.1536066 -0.0312387 0.2305341 -0.0149177 0.9714381 0.0542162 2415145.9769770
1.3887408 0.1639699 -0.0310042 0.1297798 0.1911171 0.4459721 0.8647198 2415146.6636636
1.3879531 0.1743249 -0.0307681 -0.0988897 0.2087807 -0.5190585 0.8229276 2415147.3503503
1.3870947 0.1846710 -0.0305304 0.2300903 -0.0206633 0.9724882 0.0299688 2415148.0370370
1.3861657 0.1950077 -0.0302912 0.1345065 0.1878205 0.4674021 0.8533269 2415148.7237237
1.3851662 0.2053344 -0.0300505 -0.0936513 0.2111823 -0.4983707 0.8356184 2415149.4104104
1.3840964 0.2156508 -0.0298082 0.2295033 -0.0263961 0.9729332 0.0057027 2415150.0970971
1.3829564 0.2259562 -0.0295644 0.1391495 0.1844070 0.4885412 0.8414030 2415150.7837838
1.3817463 0.2362502 -0.0293192 -0.0883546 0.2134526 -0.4773728 0.8477893 2415151.4704705
1.3804663 0.2465322 -0.0290724 0.2287735 -0.0321124 0.9727727 -0.0185670 2415152.1571571
1.3791164 0.2568017 -0.0288242 0.1437059 0.1808788 0.5093763 0.8289555 2415152.8438438
1.3776969 0.2670583 -0.0285745 -0.0830029 0.2155900 -0.4560779 0.8594326 2415153.5305305
1.3762078 0.2773014 -0.0283233 0.2279014 -0.0378087 0.9720069 -0.0428250 2415154.2172172
1.3746495 0.2875305 -0.0280708 0.1481729 0.1772381 0.5298944 0.8159923 2415154.9039039
1.3730219 0.2977452 -0.0278168 -0.0775996 0.2175933 -0.4344992 0.8705411 2415155.5905906
1.3713252 0.3079449 -0.0275614 0.2268874 -0.0434816 0.9706363 -0.0670565 2415156.2772773
1.3695597 0.3181291 -0.0273047 0.1525477 0.1734870 0.5500828 0.8025212 2415156.9639639
1.3677255 0.3282974 -0.0270466 -0.0721480 0.2194612 -0.4126501 0.8811080 2415157.6506506
1.3658227 0.3384492 -0.0267871 0.2257322 -0.0491273 0.9686618 -0.0912462 2415158.3373373
1.3638515 0.3485840 -0.0265263 0.1568275 0.1696280 0.5699290 0.7885509 2415159.0240240
1.3618122 0.3587015 -0.0262641 -0.0666514 0.2211925 -0.3905443 0.8911266 2415159.7107107
1.3597049 0.3688010 -0.0260006 0.2244366 -0.0547425 0.9660844 -0.1153791 2415160.3973974
1.3575298 0.3788822 -0.0257359 0.1610098 0.1656635 0.5894205 0.7740898 2415161.0840841
1.3552870 0.3889444 -0.0254699 -0.0611135 0.2227862 -0.3681954 0.9005907 2415161.7707708
1.3529768 0.3989874 -0.0252025 0.2230013 -0.0603237 0.9629060 -0.1394402 2415162.4574574
1.3505994 0.4090105 -0.0249340 0.1650919 0.1615958 0.6085452 0.7591470 2415163.1441441
1.3481549 0.4190133 -0.0246642 -0.0555375 0.2242412 -0.3456174 0.9094944 2415163.8308308
1.3456437 0.4289953 -0.0243932 0.2214273 -0.0658672 0.9591283 -0.1634146 2415164.5175175
1.3430658 0.4389561 -0.0241210 0.1690712 0.1574276 0.6272912 0.7437319 2415165.2042042
1.3404215 0.4488952 -0.0238475 -0.0499269 0.2255567 -0.3228244 0.9178322 2415165.8908909
1.3377110 0.4588122 -0.0235729 0.2197155 -0.0713699 0.9547539 -0.1872873 2415166.5775776
1.3349346 0.4687065 -0.0232972 0.1729454 0.1531615 0.6456470 0.7278540 2415167.2642643
1.3320924 0.4785777 -0.0230203 -0.0442853 0.2267319 -0.2998305 0.9255988 2415167.9509509
1.3291847 0.4884254 -0.0227422 0.2178669 -0.0768281 0.9497853 -0.2110434 2415168.6376376
1.3262117 0.4982491 -0.0224631 0.1767119 0.1488000 0.6636009 0.7115232 2415169.3243243
1.3231737 0.5080484 -0.0221828 -0.0386161 0.2277660 -0.2766500 0.9327895 2415170.0110110
1.3200708 0.5178228 -0.0219015 0.2158828 -0.0822384 0.9442258 -0.2346682 2415170.6976977
1.3169034 0.5275719 -0.0216191 0.1803685 0.1443460 0.6811420 0.6947496 2415171.3843844
1.3136716 0.5372952 -0.0213356 -0.0329228 0.2286583 -0.2532974 0.9393997 2415172.0710711
1.3103757 0.5469922 -0.0210511 0.2137643 -0.0875977 0.9380787 -0.2581470 2415172.7577577
1.3070160 0.5566627 -0.0207656 0.1839128 0.1398021 0.6982592 0.6775438 2415173.4444444
1.3035927 0.5663060 -0.0204790 -0.0272091 0.2294084 -0.2297871 0.9454255 2415174.1311311
1.3001061 0.5759219 -0.0201915 0.2115129 -0.0929024 0.9313478 -0.2814652 2415174.8178178
1.2965564 0.5855098 -0.0199029 0.1873427 0.1351712 0.7149419 0.6599163 2415175.5045045
1.2929439 0.5950693 -0.0196135 -0.0214785 0.2300157 -0.2061339 0.9508629 2415176.1911912
1.2892688 0.6046000 -0.0193230 0.2091298 -0.0981493 0.9240375 -0.3046082 2415176.8778779
1.2855315 0.6141016 -0.0190317 0.1906560 0.1304562 0.7311798 0.6418782 2415177.5645646
1.2817321 0.6235735 -0.0187394 -0.0157345 0.2304799 -0.1823524 0.9557087 2415178.2512512
1.2778710 0.6330154 -0.0184462 0.2066166 -0.1033351 0.9161522 -0.3275617 2415178.9379379
1.2739484 0.6424268 -0.0181521 0.1938507 0.1256601 0.7469626 0.6234407 2415179.6246246
1.2699647 0.6518074 -0.0178572 -0.0099807 0.2308006 -0.1584575 0.9599597 2415180.3113113
1.2659200 0.6611567 -0.0175614 0.2039748 -0.1084566 0.9076968 -0.3503114 2415180.9979980
1.2618147 0.6704744 -0.0172647 0.1969247 0.1207857 0.7622807 0.6046152 2415181.6846847
1.2576491 0.6797600 -0.0169672 -0.0042207 0.2309778 -0.1344639 0.9636135 2415182.3713714
1.2534234 0.6890132 -0.0166690 0.2012061 -0.1135107 0.8986765 -0.3728430 2415183.0580580
1.2491380 0.6982335 -0.0163699 0.1998762 0.1158362 0.7771245 0.5854136 2415183.7447447
1.2447931 0.7074205 -0.0160700 0.0015419 0.2310112 -0.1103867 0.9666676 2415184.4314314
1.2403890 0.7165740 -0.0157694 0.1983121 -0.1184941 0.8890971 -0.3951427 2415185.1181181
1.2359261 0.7256934 -0.0154680 0.2027034 0.1108146 0.7914846 0.5658476 2415185.8048048
1.2314046 0.7347785 -0.0151659 0.0073036 0.2309009 -0.0862408 0.9691202 2415186.4914915
1.2268249 0.7438288 -0.0148631 0.1952948 -0.1234037 0.8789645 -0.4171965 2415187.1781782
1.2221871 0.7528440 -0.0145596 0.2054044 0.1057241 0.8053523 0.5459296 2415187.8648649
1.2174918 0.7618236 -0.0142554 0.0130608 0.2306468 -0.0620412 0.9709698 2415188.5515515
1.2127391 0.7707674 -0.0139505 0.1921560 -0.1282366 0.8682849 -0.4389907 2415189.2382382
1.2079294 0.7796749 -0.0136450 0.2079776 0.1005678 0.8187189 0.5256718 2415189.9249249
1.2030629 0.7885459 -0.0133388 0.0188098 0.2302493 -0.0378030 0.9722152 2415190.6116116
1.1981401 0.7973798 -0.0130320 0.1888976 -0.1329897 0.8570650 -0.4605118 2415191.2982983
1.1931612 0.8061765 -0.0127246 0.2104214 0.0953489 0.8315760 0.5050870 2415191.9849850
1.1881266 0.8149355 -0.0124166 0.0245471 0.2297085 -0.0135413 0.9728556 2415192.6716717
1.1830365 0.8236565 -0.0121080 0.1855216 -0.1376600 0.8453118 -0.4817462 2415193.3583584
1.1778913 0.8323391 -0.0117989 0.2127342 0.0900706 0.8439156 0.4841879 2415194.0450450
1.1726914 0.8409830 -0.0114892 0.0302691 0.2290248 0.0107289 0.9728907 2415194.7317317
1.1674370 0.8495879 -0.0111790 -0.1820302 0.1422447 -0.8330326 0.5026810 2415195.4184184
1.1621285 0.8581534 -0.0108682 0.2149147 0.0847363 0.8557301 0.4629874 2415196.1051051
1.1567662 0.8666792 -0.0105570 0.0359723 0.2281985 0.0349923 0.9723204 2415196.7917918
1.1513504 0.8751649 -0.0102452 -0.1784256 0.1467408 -0.8202351 0.5233029 2415197.4784785
1.1458816 0.8836103 -0.0099330 0.2169614 0.0793493 0.8670122 0.4414989 2415198.1651652
1.1403600 0.8920150 -0.0096204 0.0416531 0.2272302 0.0592340 0.9711451 2415198.8518518
1.1347859 0.9003787 -0.0093072 -0.1747099 0.1511457 -0.8069271 0.5435992 2415199.5385385
1.1291598 0.9087011 -0.0089937 0.2188731 0.0739129 0.8777547 0.4197357 2415200.2252252
1.1234819 0.9169818 -0.0086798 0.0473080 0.2261206 0.0834388 0.9693655 2415200.9119119
1.1177527 0.9252206 -0.0083654 -0.1708854 0.1554565 -0.7931171 0.5635572 2415201.5985986
1.1119724 0.9334171 -0.0080507 0.2206486 0.0684305 0.8879511 0.3977113 2415202.2852853
1.1061414 0.9415711 -0.0077356 0.0529334 0.2248702 0.1075918 0.9669827 2415202.9719720
1.1002600 0.9496822 -0.0074201 -0.1669547 0.1596705 -0.7788135 0.5831646 2415203.6586587
1.0943286 0.9577501 -0.0071044 0.2222869 0.0629056 0.8975950 0.3754394 2415204.3453453
1.0883476 0.9657746 -0.0067882 0.0585259 0.2234799 0.1316777 0.9639981 2415205.0320320
1.0823173 0.9737554 -0.0064718 -0.1629201 0.1637853 -0.7640253 0.6024091 2415205.7187187
1.0762380 0.9816921 -0.0061551 0.2237868 0.0573415 0.9066803 0.3529339 2415206.4054054
1.0701102 0.9895846 -0.0058381 0.0640820 0.2219506 0.1556817 0.9604138 2415207.0920921
1.0639342 0.9974324 -0.0055209 -0.1587841 0.1677980 -0.7487618 0.6212787 2415207.7787788
1.0577103 1.0052354 -0.0052034 0.2251474 0.0517417 0.9152014 0.3302088 2415208.4654655
1.0514388 1.0129932 -0.0048857 0.0695982 0.2202831 0.1795889 0.9562318 2415209.1521522
1.0451203 1.0207057 -0.0045677 -0.1545492 0.1717064 -0.7330323 0.6397618 2415209.8388388
1.0387550 1.0283724 -0.0042496 0.2263680 0.0461097 0.9231531 0.3072782 2415210.5255255
1.0323432 1.0359932 -0.0039312 0.0750711 0.2184786 0.2033843 0.9514548 2415211.2122122
1.0258855 1.0435678 -0.0036127 -0.1502183 0.1755079 -0.7168466 0.6578468 2415211.8988989
1.0193820 1.0510959 -0.0032940 0.2274477 0.0404490 0.9305303 0.2841564 2415212.5855856
1.0128332 1.0585773 -0.0029752 0.0804973 0.2165381 0.2270531 0.9460858 2415213.2722723
1.0062395 1.0660118 -0.0026562 -0.1457938 0.1792003 -0.7002149 0.6755224 2415213.9589590
0.9996012 1.0733990 -0.0023372 0.2283858 0.0347631 0.9373285 0.2608578 2415214.6456456
0.9929188 1.0807388 -0.0020180 0.0858734 0.2144629 0.2505807 0.9401281 2415215.3323323
0.9861925 1.0880309 -0.0016987 -0.1412786 0.1827811 -0.6831475 0.6927777 2415216.0190190
0.9794227 1.0952750 -0.0013794 0.2291819 0.0290556 0.9435434 0.2373968 2415216.7057057
0.9726098 1.1024709 -0.0010600 0.0911961 0.2122542 0.2739523 0.9335853 2415217.3923924
0.9657543 1.1096185 -0.0007405 -0.1366755 0.1862481 -0.6656550 0.7096019 2415218.0790791
0.9588564 1.1167174 -0.0004210 0.2298353 0.0233301 0.9491712 0.2137882 2415218.7657658
0.9519166 1.1237674 -0.0001015 0.0964620 0.2099134 0.2971535 0.9264617 2415219.4524525
0.9449351 1.1307684 0.0002180 -0.1319874 0.1895993 -0.6477484 0.7259845 2415220.1391391
0.9379125 1.1377201 0.0005375 0.2303457 0.0175900 0.9542084 0.1900465 2415220.8258258
0.9308490 1.1446222 0.0008569 0.1016679 0.2074420 0.3201698 0.9187615 2415221.5125125
0.9237451 1.1514746 0.0011764 -0.1272171 0.1928325 -0.6294386 0.7419154 2415222.1991992
0.9166012 1.1582771 0.0014957 0.2307128 0.0118390 0.9586519 0.1661866 2415222.8858859
0.9094175 1.1650294 0.0018151 0.1068105 0.2048416 0.3429868 0.9104897 2415223.5725726
0.9021945 1.1717314 0.0021343 -0.1223677 0.1959457 -0.6107372 0.7573847 2415224.2592593
0.8949327 1.1783828 0.0024535 0.2309363 0.0060806 0.9624988 0.1422232 2415224.9459459
0.8876322 1.1849834 0.0027725 0.1118867 0.2021137 0.3655904 0.9016513 2415225.6326326
0.8802936 1.1915332 0.0030914 -0.1174421 0.1989370 -0.5916557 0.7723826 2415226.3193193
0.8729172 1.1980318 0.0034102 0.2310162 0.0003184 0.9657468 0.1181714 2415227.0060060
0.8655035 1.2044790 0.0037289 0.1168933 0.1992600 0.3879666 0.8922519 2415227.6926927
0.8580527 1.2108748 0.0040473 -0.1124434 0.2018045 -0.5722061 0.7869000 2415228.3793794
0.8505653 1.2172189 0.0043657 0.2309522 -0.0054440 0.9683939 0.0940460 2415229.0660661
0.8430416 1.2235111 0.0046838 0.1218271 0.1962823 0.4101013 0.8822972 2415229.7527528
0.8354821 1.2297512 0.0050017 -0.1073748 0.2045464 -0.5524005 0.8009277 2415230.4394394
0.8278871 1.2359392 0.0053194 0.2307446 -0.0112030 0.9704384 0.0698621 2415231.1261261
0.8202570 1.2420748 0.0056369 0.1266851 0.1931825 0.4319808 0.8717936 2415231.8128128
0.8125922 1.2481578 0.0059542 -0.1022393 0.2071610 -0.5322511 0.8144570 2415232.4994995
0.8048931 1.2541881 0.0062712 0.2303934 -0.0169550 0.9718791 0.0456347 2415233.1861862
0.7971600 1.2601655 0.0065879 0.1314642 0.1899624 0.4535916 0.8607474 2415233.8728729
0.7893934 1.2660899 0.0069044 -0.0970403 0.2096467 -0.5117705 0.8274796 2415234.5595596
0.7815937 1.2719611 0.0072205 0.2298988 -0.0226964 0.9727149 0.0213790 2415235.2462463
0.7737612 1.2777790 0.0075364 0.1361616 0.1866242 0.4749200 0.8491657 2415235.9329329
0.7658962 1.2835434 0.0078519 -0.0917808 0.2120020 -0.4909714 0.8399872 2415236.6196196
0.7579993 1.2892542 0.0081672 0.2292611 -0.0284238 0.9729456 -0.0028901 2415237.3063063
0.7500708 1.2949112 0.0084821 0.1407742 0.1831698 0.4959530 0.8370556 2415237.9929930
0.7421110 1.3005143 0.0087966 -0.0864643 0.2142254 -0.4698669 0.8519721 2415238.6796797
0.7341204 1.3060633 0.0091107 0.2284808 -0.0341335 0.9725708 -0.0271574 2415239.3663664
0.7260993 1.3115582 0.0094245 0.1452993 0.1796015 0.5166774 0.8244246 2415240.0530531
0.7180482 1.3169987 0.0097379 -0.0810939 0.2163154 -0.4484700 0.8634270 2415240.7397397
0.7099673 1.3223848 0.0100509 0.2275583 -0.0398219 0.9715908 -0.0514077 2415241.4264264
0.7018572 1.3277164 0.0103635 0.1497339 0.1759214 0.5370802 0.8112806 2415242.1131131
0.6937182 1.3329932 0.0106756 -0.0756731 0.2182708 -0.4267940 0.8743445 2415242.7997998
0.6855506 1.3382153 0.0109874 0.2264942 -0.0454855 0.9700062 -0.0756261 2415243.4864865
0.6773549 1.3433824 0.0112986 0.1540754 0.1721318 0.5571489 0.7976318 2415244.1731732
0.6691315 1.3484945 0.0116094 -0.0702052 0.2200905 -0.4048525 0.8847180 2415244.8598599
0.6608806 1.3535514 0.0119197 0.2252892 -0.0511208 0.9678181 -0.0997974 2415245.5465466
0.6526028 1.3585531 0.0122296 0.1583209 0.1682351 0.5768709 0.7834867 2415246.2332332
0.6442984 1.3634994 0.0125389 -0.0646936 0.2217731 -0.3826590 0.8945410 2415246.9199199
0.6359678 1.3683902 0.0128477 0.2239440 -0.0567244 0.9650278 -0.1239067 2415247.6066066
0.6276114 1.3732255 0.0131560 0.1624680 0.1642338 0.5962339 0.7688541 2415248.2932933
0.6192295 1.3780052 0.0134638 -0.0591417 0.2233178 -0.3602274 0.9038073 2415248.9799800
0.6108226 1.3827290 0.0137710 0.2224595 -0.0622926 0.9616369 -0.1479388 2415249.6666667
0.6023910 1.3873970 0.0140777 0.1665140 0.1601302 0.6152259 0.7537430 2415250.3533534
0.5939351 1.3920091 0.0143838 -0.0535531 0.2247235 -0.3375717 0.9125112 2415251.0400400
0.5854553 1.3965652 0.0146893 0.2208365 -0.0678221 0.9576477 -0.1718788 2415251.7267267
0.5769520 1.4010652 0.0149943 0.1704563 0.1559270 0.6338351 0.7381629 2415252.4134134
0.5684255 1.4055089 0.0152986 -0.0479311 0.2259894 -0.3147059 0.9206474 2415253.1001001
0.5598763 1.4098964 0.0156023 0.2190761 -0.0733093 0.9530626 -0.1957120 2415253.7867868
0.5513047 1.4142276 0.0159054 0.1742926 0.1516267 0.6520499 0.7221235 2415254.4734735
0.5427111 1.4185023 0.0162079 -0.0422793 0.2271146 -0.2916443 0.9282107 2415255.1601602
0.5340959 1.4227206 0.0165097 0.2171793 -0.0787510 0.9478844 -0.2194233 2415255.8468469
0.5254595 1.4268823 0.0168109 0.1780204 0.1472322 0.6698589 0.7056348 2415256.5335335
0.5168022 1.4309874 0.0171114 -0.0366012 0.2280985 -0.2684012 0.9351963 2415257.2202202
0.5081245 1.4350358 0.0174112 0.2151475 -0.0841436 0.9421164 -0.2429981 2415257.9069069
0.4994266 1.4390274 0.0177103 0.1816375 0.1427460 0.6872512 0.6887070 2415258.5935936
0.4907091 1.4429623 0.0180087 -0.0309003 0.2289405 -0.2449911 0.9416001 2415259.2802803
0.4819722 1.4468403 0.0183065 0.2129817 -0.0894839 0.9357622 -0.2664217 2415259.9669670
0.4732163 1.4506614 0.0186035 0.1851415 0.1381709 0.7042157 0.6713506 2415260.6536537
0.4644419 1.4544255 0.0188997 -0.0251802 0.2296400 -0.2214286 0.9474180 2415261.3403404
0.4556492 1.4581326 0.0191953 0.2106834 -0.0947685 0.9288257 -0.2896795 2415262.0270270
0.4468388 1.4617827 0.0194900 0.1885303 0.1335099 0.7207421 0.6535765 2415262.7137137
0.4380108 1.4653757 0.0197841 -0.0194444 0.2301967 -0.1977283 0.9526463 2415263.4004004
0.4291658 1.4689115 0.0200773 0.2082541 -0.0999941 0.9213113 -0.3127571 2415264.0870871
0.4203041 1.4723902 0.0203698 0.1918018 0.1287658 0.7368200 0.6353957 2415264.7737738
0.4114261 1.4758117 0.0206614 -0.0136965 0.2306100 -0.1739049 0.9572818 2415265.4604605
0.4025321 1.4791759 0.0209523 0.2056951 -0.1051575 0.9132235 -0.3356400 2415266.1471472
0.3936225 1.4824828 0.0212424 0.1949540 0.1239416 0.7524395 0.6168195 2415266.8338338
0.3846977 1.4857325 0.0215316 -0.0079401 0.2308799 -0.1499733 0.9613217 2415267.5205205
0.3757580 1.4889248 0.0218200 0.2030081 -0.1102555 0.9045675 -0.3583141 2415268.2072072
0.3668039 1.4920597 0.0221076 0.1979848 0.1190403 0.7675907 0.5978595 2415268.8938939
0.3578357 1.4951373 0.0223943 -0.0021787 0.2310061 -0.1259484 0.9647634 2415269.5805806
0.3488537 1.4981575 0.0226801 0.2001949 -0.1152849 0.8953487 -0.3807652 2415270.2672673
0.3398584 1.5011202 0.0229651 0.2008925 0.1140649 0.7822643 0.5785275 2415270.9539540
0.3308500 1.5040255 0.0232492 0.0035840 0.2309886 -0.1018452 0.9676048 2415271.6406407
0.3218291 1.5068734 0.0235325 0.1972570 -0.1202425 0.8855727 -0.4029794 2415272.3273273
0.3127958 1.5096639 0.0238148 0.2036751 0.1090185 0.7964511 0.5588355 2415273.0140140
0.3037506 1.5123969 0.0240962 0.0093444 0.2308274 -0.0776785 0.9698440 2415273.7007007
0.2946940 1.5150724 0.0243767 0.1941964 -0.1251253 0.8752457 -0.4249429 2415274.3873874
0.2856261 1.5176904 0.0246563 0.2063310 0.1039043 0.8101423 0.5387957 2415275.0740741
0.2765474 1.5202510 0.0249349 0.0150991 0.2305225 -0.0534635 0.9714798 2415275.7607608
0.2674582 1.5227541 0.0252126 0.1910150 -0.1299303 0.8643740 -0.4466419 2415276.4474475
0.2583590 1.5251997 0.0254894 0.2088585 0.0987254 0.8233294 0.5184207 2415277.1341341
0.2492500 1.5275879 0.0257652 0.0208444 0.2300741 -0.0292153 0.9725111 2415277.8208208
0.2401317 1.5299186 0.0260400 0.1877147 -0.1346544 0.8529645 -0.4680630 2415278.5075075
0.2310043 1.5321918 0.0263138 0.2112561 0.0934851 0.8360042 0.4977232 2415279.1941942
0.2218683 1.5344076 0.0265867 0.0265767 0.2294826 -0.0049489 0.9729373 2415279.8808809
0.2127239 1.5365660 0.0268585 0.1842976 -0.1392947 0.8410242 -0.4891929 2415280.5675676
0.2035716 1.5386670 0.0271294 0.2135222 0.0881866 0.8481588 0.4767159 2415281.2542543
0.1944118 1.5407105 0.0273992 0.0322924 0.2287483 0.0193206 0.9727580 2415281.9409410
0.1852446 1.5426967 0.0276680 -0.1807658 0.1438483 -0.8285606 0.5100183 2415282.6276276
0.1760706 1.5446256 0.0279358 0.2156554 0.0828333 0.8597857 0.4554119 2415283.3143143
0.1668901 1.5464971 0.0282026 0.0379881 0.2278717 0.0435781 0.9719734 2415284.0010010
0.1577034 1.5483113 0.0284683 -0.1771215 0.1483124 -0.8155815 0.5305264 2415284.6876877
0.1485108 1.5500682 0.0287330 0.2176544 0.0774284 0.8708775 0.4338246 2415285.3743744
0.1393127 1.5517679 0.0289966 0.0436601 0.2268532 0.0678085 0.9705841 2415286.0610611
0.1301096 1.5534103 0.0292591 -0.1733670 0.1526842 -0.8020948 0.5507044 2415286.7477478
0.1209016 1.5549956 0.0295205 0.2195180 0.0719753 0.8814274 0.4119674 2415287.4344344
0.1116892 1.5565237 0.0297809 0.0493050 0.2256936 0.0919966 0.9685907 2415288.1211211
0.1024726 1.5579947 0.0300402 -0.1695046 0.1569611 -0.7881090 0.5705397 2415288.8078078
0.0932524 1.5594086 0.0302984 0.2212450 0.0664774 0.8914289 0.3898538 2415289.4944945
0.0840287 1.5607654 0.0305554 0.0549191 0.2243936 0.1161275 0.9659947 2415290.1811812
0.0748019 1.5620653 0.0308114 -0.1655368 0.1611402 -0.7736329 0.5900200 2415290.8678679
0.0655725 1.5633082 0.0310662 0.2228343 0.0609382 0.9008757 0.3674976 2415291.5545546
0.0563406 1.5644942 0.0313199 0.0604992 0.2229539 0.1401862 0.9627976 2415292.2412413
0.0471067 1.5656233 0.0315724 -0.1614659 0.1652191 -0.7586753 0.6091331 2415292.9279279
0.0378711 1.5666957 0.0318238 0.2242850 0.0553610 0.9097619 0.3449127 2415293.6146146
0.0286341 1.5677112 0.0320741 0.0660415 0.2213755 0.1641576 0.9590014 2415294.3013013
0.0193960 1.5686701 0.0323232 -0.1572946 0.1691952 -0.7432457 0.6278672 2415294.9879880
0.0101573 1.5695723 0.0325711 0.2255961 0.0497494 0.9180820 0.3221132 2415295.6746747
0.0009182 1.5704179 0.0328179 0.0715428 0.2196593 0.1880269 0.9546084 2415296.3613614
-0.0083209 1.5712070 0.0330634 -0.1530254 0.1730659 -0.7273535 0.6462107 2415297.0480481
-0.0175598 1.5719395 0.0333078 0.2267668 0.0441068 0.9258308 0.2991133 2415297.7347347
-0.0267980 1.5726157 0.0335510 0.0769995 0.2178065 0.2117792 0.9496215 2415298.4214214
-0.0360352 1.5732355 0.0337930 -0.1486610 0.1768290 -0.7110088 0.6641520 2415299.1081081
-0.0452712 1.5737990 0.0340338 0.2277964 0.0384368 0.9330035 0.2759272 2415299.7947948
-0.0545055 1.5743063 0.0342733 0.0824083 0.2158181 0.2353997 0.9440436 2415300.4814815
-0.0637379 1.5747574 0.0345117 -0.1442041 0.1804821 -0.6942217 0.6816800 2415301.1681682
-0.0729680 1.5751525 0.0347488 0.2286843 0.0327429 0.9395957 0.2525695 2415301.8548549
-0.0821955 1.5754915 0.0349847 0.0877659 0.2136955 0.2588737 0.9378783 2415302.5415416
-0.0914202 1.5757746 0.0352193 -0.1396574 0.1840229 -0.6770026 0.6987839 2415303.2282282
-0.1006415 1.5760018 0.0354527 0.2294298 0.0270286 0.9456032 0.2290546 2415303.9149149
-0.1098593 1.5761732 0.0356848 0.0930688 0.2114398 0.2821867 0.9311295 2415304.6016016
-0.1190732 1.5762889 0.0359157 -0.1350238 0.1874491 -0.6593622 0.7154530 2415305.2882883
-0.1282830 1.5763490 0.0361453 0.2300326 0.0212975 0.9510223 0.2053972 2415305.9749750
-0.1374881 1.5763535 0.0363736 0.0983139 0.2090526 0.3053240 0.9238012 2415306.6616617
-0.1466885 1.5763026 0.0366006 -0.1303062 0.1907587 -0.6413115 0.7316768 2415307.3483484
-0.1558837 1.5761962 0.0368264 0.2304923 0.0155531 0.9558496 0.1816119 2415308.0350350
-0.1650734 1.5760346 0.0370509 0.1034977 0.2065353 0.3282714 0.9158981 2415308.7217217
-0.1742574 1.5758177 0.0372740 -0.1255076 0.1939496 -0.6228618 0.7474454 2415309.4084084
-0.1834352 1.5755457 0.0374959 0.2308085 0.0097991 0.9600822 0.1577137 2415310.0950951
-0.1926067 1.5752187 0.0377164 0.1086172 0.2038895 0.3510145 0.9074250 2415310.7817818
-0.2017714 1.5748367 0.0379357 -0.1206308 0.1970198 -0.6040244 0.7627489 2415311.4684685
-0.2109291 1.5743998 0.0381536 0.2309812 0.0040389 0.9637173 0.1337173 2415312.1551552
-0.2200795 1.5739082 0.0383702 0.1136690 0.2011168 0.3735392 0.8983874 2415312.8418419
-0.2292222 1.5733619 0.0385854 -0.1156790 0.1999674 -0.5848113 0.7775778 2415313.5285285
-0.2383569 1.5727611 0.0387993 0.2310100 -0.0017237 0.9667528 0.1096377 2415314.2152152
-0.2474834 1.5721058 0.0390119 0.1186501 0.1982189 0.3958314 0.8887907 2415314.9019019
-0.2566014 1.5713961 0.0392231 -0.1106552 0.2027906 -0.5652342 0.7919228 2415315.5885886
-0.2657105 1.5706321 0.0394330 0.2308952 -0.0074853 0.9691867 0.0854899 2415316.2752753
-0.2748104 1.5698140 0.0396415 0.1235574 0.1951978 0.4178774 0.8786409 2415316.9619620
-0.2839008 1.5689418 0.0398487 -0.1055625 0.2054876 -0.5453054 0.8057750 2415317.6486487
-0.2929815 1.5680157 0.0400544 0.2306366 -0.0132423 0.9710175 0.0612889 2415318.3353353
-0.3020522 1.5670357 0.0402588 0.1283878 0.1920551 0.4396633 0.8679445 2415319.0220220
-0.3111124 1.5660019 0.0404619 -0.1004041 0.2080568 -0.5250374 0.8191259 2415319.7087087
-0.3201620 1.5649145 0.0406635 0.2302346 -0.0189909 0.9722442 0.0370497 2415320.3953954
-0.3292007 1.5637736 0.0408637 0.1331384 0.1887930 0.4611756 0.8567079 2415321.0820821
-0.3382281 1.5625793 0.0410626 -0.0951833 0.2104964 -0.5044426 0.8319670 2415321.7687688
-0.3472440 1.5613317 0.0412600 0.2296892 -0.0247278 0.9728658 0.0127875 2415322.4554555
-0.3562480 1.5600309 0.0414561 0.1378060 0.1854133 0.4824010 0.8449383 2415323.1421422
-0.3652400 1.5586770 0.0416507 -0.0899032 0.2128051 -0.4835339 0.8442905 2415323.8288288
-0.3742195 1.5572702 0.0418439 0.2290010 -0.0304493 0.9728821 -0.0114826 2415324.5155155
-0.3831863 1.5558105 0.0420357 0.1423880 0.1819183 0.5033262 0.8326429 2415325.2022022
-0.3921401 1.5542981 0.0422261 -0.0845672 0.2149814 -0.4623243 0.8560886 2415325.8888889
-0.4010807 1.5527331 0.0424150 0.2281702 -0.0361518 0.9722930 -0.0357456 2415326.5755756
-0.4100077 1.5511157 0.0426025 0.1468813 0.1783101 0.5239382 0.8198294 2415327.2622623
-0.4189209 1.5494459 0.0427886 -0.0791786 0.2170239 -0.4408271 0.8673540 2415327.9489490
-0.4278199 1.5477238 0.0429732 0.2271975 -0.0418319 0.9710989 -0.0599864 2415328.6356356
-0.4367046 1.5459497 0.0431564 0.1512832 0.1745910 0.5442242 0.8065057 2415329.3223223
-0.4455745 1.5441236 0.0433381 -0.0737407 0.2189313 -0.4190555 0.8780796 2415330.0090090
-0.4544296 1.5422456 0.0435184 0.2260834 -0.0474859 0.9693005 -0.0841898 2415330.6956957
-0.4632693 1.5403159 0.0436972 0.1555910 0.1707632 0.5641715 0.7926802 2415331.3823824
-0.4720936 1.5383347 0.0438745 -0.0682569 0.2207025 -0.3970232 0.8882590 2415332.0690691
-0.4809020 1.5363019 0.0440504 0.2248286 -0.0531104 0.9668990 -0.1083409 2415332.7557558
-0.4896944 1.5342179 0.0442248 0.1598020 0.1668291 0.5837678 0.7783615 2415333.4424425
-0.4984704 1.5320826 0.0443978 -0.0627307 0.2223364 -0.3747438 0.8978855 2415334.1291291
-0.5072299 1.5298963 0.0445692 0.2234339 -0.0587018 0.9638958 -0.1324245 2415334.8158158
-0.5159724 1.5276591 0.0447392 0.1639135 0.1627912 0.6030008 0.7635584 2415335.5025025
-0.5246978 1.5253711 0.0449077 -0.0571654 0.2238319 -0.3522313 0.9069534 2415336.1891892
-0.5334058 1.5230324 0.0450747 0.2219002 -0.0642567 0.9602929 -0.1564258 2415336.8758759
-0.5420961 1.5206432 0.0452402 0.1679230 0.1586520 0.6218586 0.7482802 2415337.5625626
-0.5507684 1.5182037 0.0454042 -0.0515645 0.2251882 -0.3294996 0.9154569 2415338.2492493
-0.5594225 1.5157139 0.0455667 0.2202284 -0.0697716 0.9560924 -0.1803297 2415338.9359359
-0.5680581 1.5131740 0.0457276 0.1718281 0.1544142 0.6403295 0.7325364 2415339.6226226
-0.5766750 1.5105842 0.0458871 -0.0459315 0.2264043 -0.3065629 0.9233908 2415340.3093093
-0.5852728 1.5079446 0.0460451 0.2184195 -0.0752431 0.9512969 -0.2041214 2415340.9959960
-0.5938514 1.5052554 0.0462015 0.1756262 0.1500802 0.6584019 0.7163367 2415341.6826827
-0.6024104 1.5025166 0.0463565 -0.0402700 0.2274795 -0.2834353 0.9307501 2415342.3693694
-0.6109497 1.4997285 0.0465099 0.2164748 -0.0806677 0.9459096 -0.2277861 2415343.0560561
-0.6194689 1.4968911 0.0466618 0.1793150 0.1456528 0.6760647 0.6996913 2415343.7427427
-0.6279678 1.4940047 0.0468121 -0.0345834 0.2284132 -0.2601315 0.9375303 2415344.4294294
-0.6364461 1.4910694 0.0469609 0.2143953 -0.0860422 0.9399336 -0.2513090 2415345.1161161
-0.6449036 1.4880853 0.0471082 0.1828923 0.1411348 0.6933067 0.6826106 2415345.8028028
-0.6533401 1.4850526 0.0472540 -0.0288753 0.2292048 -0.2366657 0.9437270 2415346.4894895
-0.6617552 1.4819714 0.0473982 0.2121825 -0.0913631 0.9333728 -0.2746756 2415347.1761762
-0.6701487 1.4788419 0.0475408 0.1863557 0.1365290 0.7101173 0.6651051 2415347.8628629
-0.6785205 1.4756643 0.0476819 -0.0231492 0.2298537 -0.2130527 0.9493366 2415348.5495496
-0.6868701 1.4724387 0.0478215 0.2098376 -0.0966272 0.9262311 -0.2978712 2415349.2362362
-0.6951975 1.4691652 0.0479595 0.1897032 0.1318382 0.7264861 0.6471857 2415349.9229229
-0.7035023 1.4658441 0.0480960 -0.0174087 0.2303596 -0.1893072 0.9543554 2415350.6096096
-0.7117842 1.4624754 0.0482308 0.2073621 -0.1018312 0.9185132 -0.3208815 2415351.2962963
-0.7200432 1.4590594 0.0483642 0.1929327 0.1270654 0.7424028 0.6288636 2415351.9829830
-0.7282788 1.4555962 0.0484959 -0.0116574 0.2307222 -0.1654438 0.9587803 2415352.6696697
-0.7364909 1.4520859 0.0486261 0.2047576 -0.1069718 0.9102237 -0.3436921 2415353.3563564
-0.7446792 1.4485288 0.0487548 0.1960421 0.1222135 0.7578576 0.6101502 2415354.0430430
-0.7528435 1.4449249 0.0488818 -0.0058989 0.2309412 -0.1414775 0.9626087 2415354.7297297
-0.7609835 1.4412745 0.0490073 0.2020257 -0.1120458 0.9013678 -0.3662889 2415355.4164164
-0.7690991 1.4375777 0.0491312 0.1990295 0.1172856 0.7728408 0.5910571 2415356.1031031
-0.7771899 1.4338347 0.0492535 -0.0001366 0.2310165 -0.1174231 0.9658381 2415356.7897898
-0.7852557 1.4300456 0.0493742 0.1991680 -0.1170501 0.8919510 -0.3886577 2415357.4764765
-0.7932964 1.4262107 0.0494934 0.2018930 0.1122846 0.7873430 0.5715963 2415358.1631632
-0.8013116 1.4223300 0.0496110 0.0056257 0.2309480 -0.0932957 0.9684665 2415358.8498499
-0.8093011 1.4184038 0.0497269 0.1961865 -0.1219816 0.8819792 -0.4107847 2415359.5365365
-0.8172648 1.4144321 0.0498413 0.2046309 0.1072139 0.8013554 0.5517797 2415360.2232232
-0.8252023 1.4104153 0.0499541 0.0113845 0.2307358 -0.0691102 0.9704922 2415360.9099099
-0.8331135 1.4063535 0.0500653 0.1930828 -0.1268371 0.8714586 -0.4326561 2415361.5965966
-0.8409981 1.4022467 0.0501749 0.2072415 0.1020763 0.8148691 0.5316199 2415362.2832833
-0.8488558 1.3980953 0.0502829 0.0171363 0.2303801 -0.0448818 0.9719141 2415362.9699700
-0.8566866 1.3938994 0.0503893 0.1898590 -0.1316138 0.8603957 -0.4542583 2415363.6566567
-0.8644901 1.3896591 0.0504941 0.2097231 0.0968753 0.8278758 0.5111292 2415364.3433433
-0.8722661 1.3853746 0.0505973 0.0228774 0.2298810 -0.0206254 0.9727312 2415365.0300300
-0.8800144 1.3810462 0.0506989 0.1865171 -0.1363085 0.8487975 -0.4755778 2415365.7167167
-0.8877348 1.3766739 0.0507989 0.2120743 0.0916140 0.8403673 0.4903205 2415366.4034034
-0.8954271 1.3722580 0.0508972 0.0286042 0.2292388 0.0036439 0.9729430 2415367.0900901
-0.9030910 1.3677986 0.0509940 0.1830591 -0.1409184 0.8366711 -0.4966014 2415367.7767768
-0.9107263 1.3632960 0.0510891 0.2142934 0.0862957 0.8523359 0.4692067 2415368.4634635
-0.9183328 1.3587502 0.0511827 0.0343133 0.2284540 0.0279109 0.9725494 2415369.1501501
-0.9259103 1.3541616 0.0512746 -0.1794872 0.1454406 -0.8240240 0.5173159 2415369.8368368
-0.9334586 1.3495302 0.0513649 0.2163793 0.0809237 0.8637741 0.4478009 2415370.5235235
-0.9409774 1.3448562 0.0514535 0.0400009 0.2275270 0.0521605 0.9715506 2415371.2102102
-0.9484666 1.3401399 0.0515406 -0.1758036 0.1498724 -0.8108642 0.5377086 2415371.8968969
-0.9559260 1.3353814 0.0516260 0.2183304 0.0755013 0.8746749 0.4261165 2415372.5835836
-0.9633552 1.3305808 0.0517098 0.0456638 0.2264585 0.0763776 0.9699473 2415373.2702703
-0.9707542 1.3257385 0.0517920 -0.1720106 0.1542108 -0.7971999 0.5577667 2415373.9569570
-0.9781227 1.3208545 0.0518725 0.2201458 0.0700320 0.8850314 0.4041669 2415374.6436436
-0.9854605 1.3159291 0.0519515 0.0512981 0.2252490 0.1005472 0.9677405 2415375.3303303
-0.9927674 1.3109624 0.0520287 -0.1681106 0.1584534 -0.7830395 0.5774777 2415376.0170170
-1.0000432 1.3059546 0.0521044 0.2218241 0.0645191 0.8948371 0.3819658 2415376.7037037
-1.0072877 1.3009060 0.0521784 0.0569006 0.2238994 0.1246543 0.9649314 2415377.3903904
-1.0145006 1.2958167 0.0522508 -0.1641059 0.1625973 -0.7683919 0.5968294 2415378.0770771
-1.0216819 1.2906868 0.0523216 0.2233644 0.0589660 0.9040861 0.3595271 2415378.7637638
-1.0288312 1.2855167 0.0523907 0.0624677 0.2224105 0.1486838 0.9615220 2415379.4504504
-1.0359484 1.2803064 0.0524582 -0.1599992 0.1666400 -0.7532661 0.6158097 2415380.1371371
-1.0430334 1.2750562 0.0525241 0.2247657 0.0533762 0.9127725 0.3368646 2415380.8238238
-1.0500858 1.2697663 0.0525883 0.0679959 0.2207831 0.1726207 0.9575142 2415381.5105105
-1.0571055 1.2644368 0.0526509 -0.1557929 0.1705791 -0.7376716 0.6344068 2415382.1971972
-1.0640923 1.2590680 0.0527118 0.2260271 0.0477533 0.9208909 0.3139925 2415382.8838839
-1.0710460 1.2536600 0.0527712 0.0734817 0.2190184 0.1964503 0.9529106 2415383.5705706
-1.0779664 1.2482130 0.0528288 -0.1514896 0.1744120 -0.7216181 0.6526091 2415384.2572573
-1.0848533 1.2427273 0.0528848 0.2271479 0.0421006 0.9284363 0.2909251 2415384.9439439
-1.0917066 1.2372030 0.0529392 0.0789219 0.2171174 0.2201576 0.9477141 2415385.6306306
-1.0985260 1.2316404 0.0529920 -0.1470921 0.1781363 -0.7051156 0.6704054 2415386.3173173
-1.1053114 1.2260396 0.0530431 0.2281274 0.0364217 0.9354040 0.2676766 2415387.0040040
-1.1120625 1.2204008 0.0530925 0.0843129 0.2150813 0.2437279 0.9419278 2415387.6906907
-1.1187792 1.2147242 0.0531403 -0.1426031 0.1817498 -0.6881743 0.6877845 2415388.3773774
-1.1254613 1.2090101 0.0531865 0.2289649 0.0307201 0.9417896 0.2442615 2415389.0640641
-1.1321086 1.2032586 0.0532310 0.0896515 0.2129114 0.2671466 0.9355555 2415389.7507507
-1.1387209 1.1974699 0.0532739 -0.1380253 0.1852503 -0.6708048 0.7047356 2415390.4374374
-1.1452981 1.1916442 0.0533152 0.2296599 0.0249995 0.9475892 0.2206945 2415391.1241241
-1.1518399 1.1857818 0.0533547 0.0949343 0.2106089 0.2903990 0.9286010 2415391.8108108
-1.1583462 1.1798828 0.0533927 -0.1333616 0.1886354 -0.6530179 0.7212483 2415392.4974975
-1.1648168 1.1739475 0.0534290 0.2302120 0.0192632 0.9527992 0.1969901 2415393.1841842
-1.1712515 1.1679760 0.0534636 0.1001580 0.2081754 0.3134707 0.9210686 2415393.8708709
-1.1776502 1.1619685 0.0534967 -0.1286149 0.1919032 -0.6348246 0.7373121 2415394.5575575
-1.1840126 1.1559253 0.0535280 0.2306209 0.0135150 0.9574162 0.1731632 2415395.2442442
-1.1903386 1.1498466 0.0535577 0.1053194 0.2056124 0.3363474 0.9129632 2415395.9309309
-1.1966280 1.1437325 0.0535858 -0.1237882 0.1950516 -0.6162363 0.7529171 2415396.6176176
-1.2028807 1.1375833 0.0536122 0.2308862 0.0077584 0.9614376 0.1492285 2415397.3043043
-1.2090964 1.1313991 0.0536370 0.1104153 0.2029214 0.3590148 0.9042896 2415397.9909910
-1.2152751 1.1251803 0.0536601 -0.1188845 0.1980785 -0.5972646 0.7680536 2415398.6776777
-1.2214164 1.1189269 0.0536816 0.2310079 0.0019969 0.9648607 0.1252009 2415399.3643644
-1.2275204 1.1126393 0.0537015 0.1154424 0.2001042 0.3814588 0.8950534 2415400.0510510
-1.2335867 1.1063175 0.0537197 -0.1139068 0.2009823 -0.5779212 0.7827122 2415400.7377377
-1.2396152 1.0999619 0.0537362 0.2309859 -0.0037657 0.9676833 0.1010955 2415401.4244244
-1.2456058 1.0935726 0.0537511 0.1203978 0.1971624 0.4036654 0.8852602 2415402.1111111
-1.2515583 1.0871499 0.0537644 -0.1088583 0.2037609 -0.5582182 0.7968838 2415402.7977978
-1.2574725 1.0806940 0.0537760 0.2308201 -0.0095261 0.9699039 0.0769271 2415403.4844845
-1.2633483 1.0742050 0.0537860 0.1252782 0.1940980 0.4256209 0.8749161 2415404.1711712
-1.2691855 1.0676831 0.0537943 -0.1037419 0.2064128 -0.5381679 0.8105595 2415404.8578578
-1.2749840 1.0611287 0.0538010 0.2305106 -0.0152805 0.9715209 0.0527109 2415405.5445445
-1.2807435 1.0545419 0.0538060 0.1300806 0.1909128 0.4473115 0.8640277 2415406.2312312
-1.2864639 1.0479230 0.0538094 -0.0985611 0.2089363 -0.5177827 0.8237308 2415406.9179179
-1.2921451 1.0412720 0.0538112 0.2300578 -0.0210254 0.9725334 0.0284618 2415407.6046046
-1.2977869 1.0345894 0.0538113 0.1348021 0.1876087 0.4687237 0.8526016 2415408.2912913
-1.3033892 1.0278752 0.0538098 -0.0933189 0.2113297 -0.4970753 0.8363896 2415408.9779780
-1.3089518 1.0211297 0.0538066 0.2294618 -0.0267573 0.9729408 0.0041951 2415409.6646646
-1.3144745 1.0143531 0.0538018 0.1394397 0.1841880 0.4898443 0.8406449 2415410.3513513
-1.3199572 1.0075456 0.0537954 -0.0880186 0.2135916 -0.4760586 0.8485279 2415411.0380380
-1.3253997 1.0007075 0.0537873 0.2287230 -0.0324724 0.9727427 -0.0200743 2415411.7247247
-1.3308019 0.9938390 0.0537776 0.1439906 0.1806526 0.5106601 0.8281652 2415412.4114114
-1.3361637 0.9869402 0.0537663 -0.0826636 0.2157206 -0.4547456 0.8601382 2415413.0980981
-1.3414848 0.9800114 0.0537533 0.2278418 -0.0381674 0.9719394 -0.0443311 2415413.7847848
-1.3467652 0.9730529 0.0537387 0.1484518 0.1770048 0.5311581 0.8151702 2415414.4714715
-1.3520047 0.9660648 0.0537225 -0.0772571 0.2177154 -0.4331498 0.8712133 2415415.1581581
-1.3572031 0.9590474 0.0537046 0.2268189 -0.0438386 0.9705312 -0.0685604 2415415.8448448
-1.3623603 0.9520009 0.0536851 0.1528207 0.1732469 0.5513257 0.8016679 2415416.5315315
-1.3674762 0.9449255 0.0536640 -0.0718025 0.2195747 -0.4112843 0.8817463 2415417.2182182
-1.3725506 0.9378214 0.0536412 0.2256549 -0.0494826 0.9685191 -0.0927470 2415417.9049049
-1.3775834 0.9306889 0.0536168 0.1570945 0.1693812 0.5711501 0.7876667 2415418.5915916
-1.3825744 0.9235281 0.0535908 -0.0663033 0.2212974 -0.3891630 0.8917306 2415419.2782783
-1.3875234 0.9163394 0.0535632 0.2243504 -0.0550957 0.9659044 -0.1168759 2415419.9649649
-1.3924305 0.9091229 0.0535339 0.1612705 0.1654100 0.5906192 0.7731755 2415420.6516516
-1.3972953 0.9018789 0.0535030 -0.0607628 0.2228823 -0.3667995 0.9011601 2415421.3383383
-1.4021179 0.8946075 0.0534705 0.2229064 -0.0606746 0.9626887 -0.1409321 2415422.0250250
-1.4068979 0.8873091 0.0534364 0.1653462 0.1613360 0.6097207 0.7582031 2415422.7117117
-1.4116354 0.8799838 0.0534007 -0.0551845 0.2243286 -0.3442077 0.9100288 2415423.3983984
-1.4163302 0.8726319 0.0533633 0.2213236 -0.0662157 0.9588739 -0.1649006 2415424.0850851
-1.4209821 0.8652536 0.0533243 0.1693190 0.1571615 0.6284429 0.7427590 2415424.7717718
-1.4255910 0.8578491 0.0532838 -0.0495719 0.2256353 -0.3214018 0.9183312 2415425.4584584
-1.4301567 0.8504186 0.0532416 0.2196031 -0.0717156 0.9544625 -0.1887665 2415426.1451451
-1.4346792 0.8429624 0.0531978 0.1731864 0.1528893 0.6467740 0.7268526 2415426.8318318
-1.4391584 0.8354808 0.0531523 -0.0439284 0.2268016 -0.2983959 0.9260622 2415427.5185185
-1.4435940 0.8279738 0.0531053 0.2177460 -0.0771709 0.9494571 -0.2125149 2415428.2052052
-1.4479860 0.8204419 0.0530567 0.1769461 0.1485219 0.6647026 0.7104940 2415428.8918919
-1.4523342 0.8128851 0.0530065 -0.0382576 0.2278267 -0.2752043 0.9332170 2415429.5785786
-1.4566385 0.8053038 0.0529546 0.2157533 -0.0825782 0.9438609 -0.2361310 2415430.2652652
-1.4608988 0.7976982 0.0529012 0.1805956 0.1440621 0.6822177 0.6936933 2415430.9519519
-1.4651150 0.7900685 0.0528462 -0.0325630 0.2287101 -0.2518415 0.9397911 2415431.6386386
-1.4692869 0.7824149 0.0527895 0.2136264 -0.0879341 0.9376775 -0.2596003 2415432.3253253
-1.4734144 0.7747376 0.0527313 0.1841328 0.1395126 0.6993082 0.6764609 2415433.0120120
-1.4774975 0.7670370 0.0526715 -0.0268481 0.2294512 -0.2283219 0.9457803 2415433.6986987
-1.4815359 0.7593132 0.0526101 0.2113666 -0.0932352 0.9309105 -0.2829080 2415434.3853854
-1.4855295 0.7515665 0.0525471 0.1875554 0.1348764 0.7159636 0.6588076 2415435.0720720
-1.4894784 0.7437971 0.0524825 -0.0211165 0.2300495 -0.2046603 0.9511811 2415435.7587587
-1.4933822 0.7360052 0.0524164 0.2089753 -0.0984784 0.9235643 -0.3060397 2415436.4454454
-1.4972410 0.7281911 0.0523486 0.1908613 0.1301562 0.7321734 0.6407444 2415437.1321321
-1.5010545 0.7203550 0.0522793 -0.0153717 0.2305046 -0.1808713 0.9559900 2415437.8188188
-1.5048227 0.7124972 0.0522084 0.2064539 -0.1036603 0.9156434 -0.3289809 2415438.5055055
-1.5085455 0.7046179 0.0521359 0.1940484 0.1253550 0.7479277 0.6222825 2415439.1921922
-1.5122228 0.6967173 0.0520618 -0.0096174 0.2308163 -0.1569698 0.9602041 2415439.8788789
-1.5158544 0.6887957 0.0519862 0.2038040 -0.1087776 0.9071528 -0.3517174 2415440.5655655
-1.5194403 0.6808533 0.0519090 0.1971148 0.1204758 0.7632166 0.6034333 2415441.2522522
-1.5229803 0.6728903 0.0518302 -0.0038572 0.2309844 -0.1329706 0.9638206 2415441.9389389
-1.5264743 0.6649071 0.0517499 0.2010274 -0.1138273 0.8980977 -0.3742351 2415442.6256256
-1.5299222 0.6569037 0.0516680 0.2000585 0.1155216 0.7780306 0.5842087 2415443.3123123
-1.5333240 0.6488806 0.0515846 0.0019055 0.2310087 -0.1088887 0.9668374 2415443.9989990
-1.5366795 0.6408378 0.0514996 0.1981256 -0.1188062 0.8884837 -0.3965199 2415444.6856857
-1.5399885 0.6327757 0.0514130 0.2028778 0.1104956 0.7923604 0.5646205 2415445.3723723
-1.5432511 0.6246945 0.0513249 0.0076670 0.2308893 -0.0847390 0.9692526 2415446.0590590
-1.5464671 0.6165944 0.0512352 0.1951006 -0.1237111 0.8783169 -0.4185580 2415446.7457457
-1.5496364 0.6084757 0.0511440 0.2055708 0.1054008 0.8061972 0.5446810 2415447.4324324
-1.5527589 0.6003387 0.0510512 0.0134238 0.2306263 -0.0605366 0.9710647 2415448.1191191
-1.5558344 0.5921835 0.0509569 0.1919541 -0.1285390 0.8676035 -0.4403356 2415448.8058058
-1.5588630 0.5840104 0.0508611 0.2081358 0.1002404 0.8195324 0.5244026 2415449.4924925
-1.5618446 0.5758197 0.0507637 0.0191721 0.2302197 -0.0362965 0.9722725 2415450.1791792
-1.5647789 0.5676116 0.0506648 0.1886882 -0.1332870 0.8563503 -0.4618392 2415450.8658658
-1.5676659 0.5593864 0.0505644 0.2105714 0.0950177 0.8323576 0.5037978 2415451.5525525
-1.5705056 0.5511442 0.0504624 0.0249086 0.2296698 -0.0120338 0.9728754 2415452.2392392
-1.5732978 0.5428854 0.0503589 0.1853049 -0.1379520 0.8445642 -0.4830555 2415452.9259259
-1.5760425 0.5346102 0.0502539 0.2128759 0.0897358 0.8446648 0.4828796 2415453.6126126
-1.5787395 0.5263189 0.0501474 0.0306295 0.2289771 0.0122364 0.9728729 2415454.2992993
-1.5813888 0.5180116 0.0500393 -0.1818063 0.1425312 -0.8322526 0.5039711 2415454.9859860
-1.5839902 0.5096886 0.0499298 0.2150480 0.0843981 0.8564465 0.4616609 2415455.6726726
-1.5865438 0.5013503 0.0498187 0.0363314 0.2281418 0.0364989 0.9722650 2415456.3593593
-1.5890493 0.4929967 0.0497061 -0.1781946 0.1470216 -0.8194232 0.5245732 2415457.0460460
-1.5915068 0.4846283 0.0495920 0.2170862 0.0790078 0.8676952 0.4401549 2415457.7327327
-1.5939161 0.4762452 0.0494764 0.0420107 0.2271646 0.0607387 0.9710521 2415458.4194194
-1.5962771 0.4678477 0.0493593 -0.1744719 0.1514206 -0.8060838 0.5448488 2415459.1061061
-1.5985899 0.4594360 0.0492408 0.2189894 0.0735684 0.8784040 0.4183751 2415459.7927928
-1.6008542 0.4510104 0.0491207 0.0476638 0.2260461 0.0849408 0.9692350 2415460.4794795
-1.6030700 0.4425712 0.0489991 -0.1706408 0.1557254 -0.7922428 0.5647855 2415461.1661661
-1.6052373 0.4341185 0.0488761 0.2207563 0.0680833 0.8885663 0.3963349 2415461.8528528
-1.6073559 0.4256527 0.0487516 0.0532873 0.2247869 0.1090900 0.9668147 2415462.5395395
-1.6094257 0.4171740 0.0486256 -0.1667034 0.1599333 -0.7779089 0.5843706 2415463.2262262
-1.6114468 0.4086826 0.0484981 0.2223858 0.0625557 0.8981756 0.3740481 2415463.9129129
-1.6134190 0.4001788 0.0483692 0.0588776 0.2233878 0.1331713 0.9637929 2415464.5995996
-1.6153423 0.3916629 0.0482387 -0.1626623 0.1640416 -0.7630909 0.6035922 2415465.2862863
-1.6172165 0.3831351 0.0481069 0.2238770 0.0569892 0.9072260 0.3515285 2415465.9729729
-1.6190416 0.3745957 0.0479735 0.0644313 0.2218497 0.1571697 0.9601713 2415466.6596596
-1.6208176 0.3660449 0.0478387 -0.1585199 0.1680479 -0.7477981 0.6224382 2415467.3463463
-1.6225443 0.3574830 0.0477025 0.2252288 0.0513873 0.9157119 0.3287902 2415468.0330330
-1.6242217 0.3489103 0.0475648 0.0699449 0.2201735 0.1810704 0.9559523 2415468.7197197
-1.6258498 0.3403269 0.0474256 -0.1542790 0.1719496 -0.7320400 0.6408968 2415469.4064064
-1.6274284 0.3317332 0.0472851 0.2264405 0.0457534 0.9236280 0.3058473 2415470.0930931
-1.6289575 0.3231294 0.0471430 0.0754150 0.2183604 0.2048583 0.9511385 2415470.7797798
-1.6304371 0.3145157 0.0469996 -0.1499420 0.1757443 -0.7158264 0.6589567 2415471.4664664
-1.6318670 0.3058925 0.0468547 0.2275113 0.0400910 0.9309694 0.2827141 2415472.1531531
-1.6332472 0.2972600 0.0467084 0.0808381 0.2164114 0.2285188 0.9457328 2415472.8398398
-1.6345776 0.2886184 0.0465606 -0.1455117 0.1794297 -0.6991673 0.6766065 2415473.5265265
-1.6358583 0.2799680 0.0464115 0.2284405 0.0344037 0.9377315 0.2594050 2415474.2132132
-1.6370890 0.2713091 0.0462609 0.0862109 0.2143277 0.2520371 0.9397386 2415474.8998999
-1.6382699 0.2626419 0.0461089 -0.1409909 0.1830034 -0.6820732 0.6938353 2415475.5865866
-1.6394007 0.2539667 0.0459555 0.2292276 0.0286949 0.9439101 0.2359345 2415476.2732732
-1.6404815 0.2452838 0.0458007 0.0915301 0.2121106 0.2753986 0.9331597 2415476.9599599
-1.6415122 0.2365933 0.0456445 -0.1363824 0.1864632 -0.6645547 0.7106324 2415477.6466466
-1.6424928 0.2278957 0.0454869 0.2298720 0.0229684 0.9495013 0.2123172 2415478.3333333
-1.6434231 0.2191910 0.0453280 0.0967924 0.2097616 0.2985887 0.9260001 2415479.0200200
-1.6443032 0.2104797 0.0451676 -0.1316889 0.1898070 -0.6466226 0.7269873 2415479.7067067
-1.6451329 0.2017619 0.0450059 0.2303734 0.0172275 0.9545017 0.1885677 2415480.3933934
-1.6459123 0.1930380 0.0448427 0.1019944 0.2072820 0.3215930 0.9182643 2415481.0800801
-1.6466413 0.1843081 0.0446782 -0.1269136 0.1930327 -0.6282882 0.7428898 2415481.7667667
-1.6473199 0.1755726 0.0445124 0.2307314 0.0114759 0.9589082 0.1647009 2415482.4534534
-1.6479479 0.1668317 0.0443451 0.1071329 0.2046734 0.3443972 0.9099571 2415483.1401401
-1.6485254 0.1580857 0.0441766 -0.1220592 0.1961383 -0.6095628 0.7583301 2415483.8268268
-1.6490523 0.1493349 0.0440066 0.2309459 0.0057171 0.9627180 0.1407316 2415484.5135135
-1.6495285 0.1405794 0.0438353 0.1122048 0.2019375 0.3669871 0.9010837 2415485.2002002
-1.6499541 0.1318197 0.0436627 -0.1171290 0.1991218 -0.5904582 0.7732984 2415485.8868869
-1.6503290 0.1230559 0.0434887 0.2310166 -0.0000452 0.9659287 0.1166748 2415486.5735735
-1.6506531 0.1142883 0.0433134 0.1172068 0.1990760 0.3893486 0.8916496 2415487.2602602
-1.6509264 0.1055172 0.0431367 -0.1121258 0.2019814 -0.5709861 0.7877856 2415487.9469469
-1.6511489 0.0967428 0.0429587 0.2309436 -0.0058075 0.9685384 0.0925453 2415488.6336336
-1.6513205 0.0879655 0.0427794 0.1221360 0.1960905 0.4114679 0.8816606 2415489.3203203
-1.6514413 0.0791854 0.0425988 -0.1070528 0.2047153 -0.5511587 0.8017826 2415490.0070070
-1.6515110 0.0704030 0.0424168 0.2307269 -0.0115661 0.9705454 0.0683583 2415490.6936937
-1.6515299 0.0616183 0.0422336 0.1269891 0.1929830 0.4333311 0.8711231 2415491.3803804
-1.6514977 0.0528317 0.0420490 -0.1019133 0.2073219 -0.5309884 0.8152807 2415492.0670670
-1.6514144 0.0440435 0.0418632 0.2303666 -0.0173176 0.9719485 0.0441287 2415492.7537537
-1.6512801 0.0352540 0.0416760 0.1317632 0.1897555 0.4549247 0.8600435 2415493.4404404
-1.6510948 0.0264634 0.0414876 -0.0967103 0.2097994 -0.5104876 0.8282715 2415494.1271271
-1.6508583 0.0176719 0.0412979 0.2298630 -0.0230583 0.9727468 0.0198717 2415494.8138138
-1.6505706 0.0088799 0.0411069 0.1364553 0.1864099 0.4762352 0.8484287 2415495.5005005
-1.6502318 0.0000876 0.0409146 -0.0914472 0.2121464 -0.4896692 0.8407469 2415496.1871872
-1.6498418 -0.0087047 0.0407211 0.2292163 -0.0287846 0.9729399 -0.0043977 2415496.8738738
-1.6494006 -0.0174967 0.0405262 0.1410625 0.1829482 0.4972494 0.8362860 2415497.5605605
-1.6489082 -0.0262882 0.0403302 -0.0861271 0.2143614 -0.4685462 0.8526991 2415498.2472472
-1.6483645 -0.0350788 0.0401329 0.2284271 -0.0344930 0.9725275 -0.0286643 2415498.9339339
-1.6477695 -0.0438684 0.0399343 0.1455819 0.1793728 0.5179542 0.8236230 2415499.6206206
-1.6471232 -0.0526566 0.0397345 -0.0807535 0.2164430 -0.4471315 0.8641208 2415500.3073073
-1.6464256 -0.0614431 0.0395334 0.2274956 -0.0401800 0.9715099 -0.0529132 2415500.9939940
-1.6456767 -0.0702278 0.0393311 0.1500108 0.1756857 0.5383367 0.8104474 2415501.6806807
-1.6448765 -0.0790102 0.0391276 -0.0753296 0.2183899 -0.4254387 0.8750047 2415502.3673673
-1.6440249 -0.0877902 0.0389229 0.2264226 -0.0458420 0.9698878 -0.0771291 2415503.0540540
-1.6431219 -0.0965674 0.0387169 0.1543462 0.1718893 0.5583841 0.7967675 2415503.7407407
-1.6421676 -0.1053416 0.0385098 -0.0698588 0.2202009 -0.4034811 0.8853442 2415504.4274274
-1.6411619 -0.1141125 0.0383014 0.2252087 -0.0514754 0.9676623 -0.1012970 2415505.1141141
-1.6401048 -0.1228799 0.0380919 0.1585857 0.1679859 0.5780842 0.7825918 2415505.8008008
-1.6389963 -0.1316434 0.0378811 -0.0643445 0.2218749 -0.3812724 0.8951328 2415506.4874875
-1.6378364 -0.1404027 0.0376692 0.2238547 -0.0570768 0.9648345 -0.1254018 2415507.1741741
-1.6366250 -0.1491577 0.0374560 0.1627265 0.1639780 0.5974245 0.7679292 2415507.8608608
-1.6353623 -0.1579080 0.0372417 -0.0587902 0.2234108 -0.3588265 0.9043643 2415508.5475475
-1.6340482 -0.1666533 0.0370263 0.2223614 -0.0626427 0.9614065 -0.1494287 2415509.2342342
-1.6326826 -0.1753933 0.0368096 0.1667660 0.1598681 0.6163931 0.7527887 2415509.9209209
-1.6312656 -0.1841279 0.0365918 -0.0531994 0.2248077 -0.3361573 0.9130332 2415510.6076076
-1.6297972 -0.1928566 0.0363729 0.2207297 -0.0681696 0.9573801 -0.1733625 2415511.2942943
-1.6282774 -0.2015793 0.0361528 0.1707017 0.1556587 0.6349781 0.7371799 2415511.9809810
-1.6267062 -0.2102955 0.0359315 -0.0475754 0.2260648 -0.3132789 0.9211339 2415512.6676676
-1.6250836 -0.2190052 0.0357092 0.2189606 -0.0736541 0.9527581 -0.1971885 2415513.3543543
-1.6234096 -0.2277079 0.0354857 0.1745312 0.1513524 0.6531680 0.7211122 2415514.0410410
-1.6216842 -0.2364034 0.0352610 -0.0419218 0.2271811 -0.2902056 0.9286614 2415514.7277277
-1.6199075 -0.2450914 0.0350353 0.2170554 -0.0790928 0.9475432 -0.2208918 2415515.4144144
-1.6180793 -0.2537717 0.0348084 0.1782521 0.1469520 0.6709515 0.7045959 2415516.1011011
-1.6161999 -0.2624439 0.0345805 -0.0362422 0.2281561 -0.2669518 0.9356111 2415516.7877878
-1.6142691 -0.2711077 0.0343514 0.2150150 -0.0844822 0.9417387 -0.2444576 2415517.4744744
-1.6122869 -0.2797630 0.0341213 0.1818621 0.1424601 0.6883175 0.6876412 2415518.1611611
-1.6102535 -0.2884093 0.0338900 -0.0305400 0.2289891 -0.2435318 0.9419785 2415518.8478478
-1.6081687 -0.2970464 0.0336577 0.2128409 -0.0898191 0.9353482 -0.2678713 2415519.5345345
-1.6060327 -0.3056741 0.0334243 0.1853589 0.1378795 0.7052551 0.6702585 2415520.2212212
-1.6038454 -0.3142920 0.0331899 -0.0248187 0.2296796 -0.2199603 0.9477599 2415520.9079079
-1.6016069 -0.3228999 0.0329543 0.2105343 -0.0951001 0.9283757 -0.2911184 2415521.5945946
-1.5993172 -0.3314975 0.0327178 0.1887404 0.1332132 0.7217539 0.6524588 2415522.2812813
-1.5969763 -0.3400844 0.0324802 -0.0190821 0.2302272 -0.1962519 0.9529515 2415522.9679679
-1.5945842 -0.3486605 0.0322415 0.2080967 -0.1003219 0.9208255 -0.3141843 2415523.6546546
-1.5921410 -0.3572254 0.0320018 0.1920045 0.1284640 0.7378037 0.6342531 2415524.3413413
-1.5896467 -0.3657788 0.0317611 -0.0133335 0.2306316 -0.1724213 0.9575501 2415525.0280280
-1.5871013 -0.3743204 0.0315194 0.2055296 -0.1054813 0.9127023 -0.3370546 2415525.7147147
-1.5845049 -0.3828500 0.0312766 0.1951490 0.1236348 0.7533943 0.6156528 2415526.4014014
-1.5818574 -0.3913673 0.0310328 -0.0075767 0.2308924 -0.1484835 0.9615529 2415527.0880881
-1.5791590 -0.3998720 0.0307881 0.2028346 -0.1105750 0.9040112 -0.3597153 2415527.7747748
-1.5764096 -0.4083638 0.0305423 0.1981721 0.1187287 0.7685161 0.5966693 2415528.4614614
-1.5736093 -0.4168424 0.0302956 -0.0018152 0.2310095 -0.1244533 0.9649573 2415529.1481481
-1.5707581 -0.4253075 0.0300479 0.2000134 -0.1155999 0.8947575 -0.3821521 2415529.8348348
-1.5678561 -0.4337588 0.0297992 0.2010720 0.1137487 0.7831597 0.5773146 2415530.5215215
-1.5649033 -0.4421961 0.0295495 0.0039475 0.2309829 -0.1003457 0.9677614 2415531.2082082
-1.5618998 -0.4506191 0.0292989 0.1970677 -0.1205529 0.8849471 -0.4043511 2415531.8948949
-1.5588455 -0.4590274 0.0290473 0.2038467 0.1086979 0.7973160 0.5576007 2415532.5815816
-1.5557406 -0.4674208 0.0287948 0.0097077 0.2308126 -0.0761756 0.9699632 2415533.2682682
-1.5525850 -0.4757990 0.0285414 0.1939994 -0.1254309 0.8745861 -0.4262986 2415533.9549549
-1.5493789 -0.4841617 0.0282870 0.2064945 0.1035795 0.8109762 0.5375397 2415534.6416416
-1.5461223 -0.4925086 0.0280317 0.0154619 0.2304987 -0.0519582 0.9715614 2415535.3283283
-1.5428152 -0.5008394 0.0277755 0.1908104 -0.1302309 0.8636808 -0.4479807 2415536.0150150
-1.5394576 -0.5091539 0.0275184 0.2090139 0.0983967 0.8241317 0.5171443 2415536.7017017
-1.5360497 -0.5174517 0.0272603 0.0212065 0.2300413 -0.0277083 0.9725552 2415537.3883884
-1.5325915 -0.5257326 0.0270014 0.1875027 -0.1349498 0.8522381 -0.4693841 2415538.0750751
-1.5290830 -0.5339962 0.0267416 0.2114032 0.0931526 0.8367744 0.4964271 2415538.7617617
-1.5255244 -0.5422423 0.0264809 0.0269378 0.2294408 -0.0034413 0.9729437 2415539.4484484
-1.5219156 -0.5504706 0.0262194 0.1840783 -0.1395847 0.8402651 -0.4904954 2415540.1351351
-1.5182567 -0.5586807 0.0259570 0.2136609 0.0878505 0.8488964 0.4754010 2415540.8218218
-1.5145478 -0.5668725 0.0256937 0.0326524 0.2286975 0.0208279 0.9727268 2415541.5085085
-1.5107889 -0.5750455 0.0254296 -0.1805393 0.1441328 -0.8277693 0.5113016 2415542.1951952
-1.5069801 -0.5831996 0.0251646 0.2157857 0.0824938 0.8604902 0.4540791 2415542.8818819
-1.5031216 -0.5913344 0.0248988 0.0383467 0.2278118 0.0450841 0.9719047 2415543.5685686
-1.4992133 -0.5994496 0.0246322 -0.1768880 0.1485911 -0.8147584 0.5317895 2415544.2552552
-1.4952553 -0.6075450 0.0243648 0.2177762 0.0770858 0.8715486 0.4324746 2415544.9419419
-1.4912476 -0.6156202 0.0240966 0.0440171 0.2267845 0.0693123 0.9704778 2415545.6286286
-1.4871905 -0.6236749 0.0238275 -0.1731267 0.1529571 -0.8012405 0.5519466 2415546.3153153
-1.4830839 -0.6317089 0.0235577 0.2196312 0.0716298 0.8820647 0.4106010 2415547.0020020
-1.4789279 -0.6397219 0.0232871 0.0496602 0.2256160 0.0934974 0.9684470 2415547.6886887
-1.4747226 -0.6477136 0.0230157 -0.1692576 0.1572278 -0.7872240 0.5717602 2415548.3753754
-1.4704680 -0.6556836 0.0227435 0.2213496 0.0661292 0.8920318 0.3884720 2415549.0620620
-1.4661643 -0.6636317 0.0224706 0.0552723 0.2243071 0.1176242 0.9658136 2415549.7487487
-1.4618115 -0.6715576 0.0221969 -0.1652832 0.1614007 -0.7727176 0.5912180 2415550.4354354
-1.4574098 -0.6794610 0.0219225 0.2229302 0.0605874 0.9014440 0.3661012 2415551.1221221
-1.4529592 -0.6873416 0.0216474 0.0608500 0.2228587 0.1416779 0.9625792 2415551.8088088
-1.4484597 -0.6951991 0.0213715 -0.1612059 0.1654732 -0.7577305 0.6103079 2415552.4954955
-1.4439115 -0.7030332 0.0210949 0.2243721 0.0550080 0.9102952 0.3435026 2415553.1821822
-1.4393147 -0.7108437 0.0208176 0.0663899 0.2212715 0.1656434 0.9587458 2415553.8688689
-1.4346694 -0.7186301 0.0205396 -0.1570283 0.1694427 -0.7422718 0.6290181 2415554.5555555
-1.4299756 -0.7263924 0.0202609 0.2256743 0.0493943 0.9185799 0.3206902 2415555.2422422
-1.4252334 -0.7341300 0.0199815 0.0718885 0.2195467 0.1895059 0.9543159 2415555.9289289
-1.4204430 -0.7418428 0.0197014 -0.1527530 0.1733068 -0.7263513 0.6473369 2415556.6156156
-1.4156045 -0.7495305 0.0194207 0.2268362 0.0437499 0.9262931 0.2976783 2415557.3023023
-1.4107179 -0.7571927 0.0191393 0.0773423 0.2176853 0.2132504 0.9492921 2415557.9889890
-1.4057833 -0.7648291 0.0188573 -0.1483827 0.1770630 -0.7099788 0.6652529 2415558.6756757
-1.4008009 -0.7724396 0.0185746 0.2278569 0.0380783 0.9334299 0.2744812 2415559.3623623
-1.3957708 -0.7800237 0.0182913 0.0827480 0.2156884 0.2368622 0.9436777 2415560.0490490
-1.3906930 -0.7875812 0.0180073 -0.1439200 0.1807090 -0.6931645 0.6827549 2415560.7357357
-1.3855677 -0.7951118 0.0177228 0.2287358 0.0323830 0.9399859 0.2511133 2415561.4224224
-1.3803949 -0.8026152 0.0174376 0.0881022 0.2135573 0.2603267 0.9374760 2415562.1091091
-1.3751749 -0.8100910 0.0171518 -0.1393677 0.1842426 -0.6759189 0.6998321 2415562.7957958
-1.3699077 -0.8175391 0.0168655 0.2294723 0.0266675 0.9459569 0.2275891 2415563.4824825
-1.3645934 -0.8249591 0.0165786 0.0934016 0.2112933 0.2836291 0.9306910 2415564.1691692
-1.3592321 -0.8323507 0.0162911 -0.1347288 0.1876616 -0.6582527 0.7164738 2415564.8558558
-1.3538240 -0.8397136 0.0160030 0.2300661 0.0209355 0.9513394 0.2039233 2415565.5425425
-1.3483692 -0.8470475 0.0157144 0.0986429 0.2088978 0.3067551 0.9233269 2415566.2292292
-1.3428678 -0.8543522 0.0154252 -0.1300060 0.1909638 -0.6401769 0.7326696 2415566.9159159
-1.3373199 -0.8616273 0.0151355 0.2305167 0.0151904 0.9561298 0.1801306 2415567.6026026
-1.3317257 -0.8688726 0.0148453 0.1038227 0.2063724 0.3296902 0.9153883 2415568.2892893
-1.3260853 -0.8760877 0.0145546 -0.1252023 0.1941471 -0.6217028 0.7484096 2415568.9759760
-1.3203988 -0.8832723 0.0142634 0.2308239 0.0094358 0.9603254 0.1562258 2415569.6626627
-1.3146663 -0.8904263 0.0139716 0.1089380 0.2037185 0.3524201 0.9068800 2415570.3493493
-1.3088880 -0.8975491 0.0136794 -0.1203207 0.1972097 -0.6028418 0.7636839 2415571.0360360
-1.3030640 -0.9046407 0.0133867 0.2309875 0.0036754 0.9639233 0.1322238 2415571.7227227
-1.2971945 -0.9117006 0.0130936 0.1139855 0.2009379 0.3749308 0.8978074 2415572.4094094
-1.2912796 -0.9187287 0.0127999 -0.1153642 0.2001495 -0.5836057 0.7784829 2415573.0960961
-1.2853194 -0.9257245 0.0125059 0.2310073 -0.0020873 0.9669215 0.1081396 2415573.7827828
-1.2793141 -0.9326878 0.0122114 0.1189621 0.1980322 0.3972081 0.8881762 2415574.4694695
-1.2732637 -0.9396183 0.0119164 -0.1103360 0.2029648 -0.5640064 0.7927976 2415575.1561561
-1.2671686 -0.9465158 0.0116211 0.2308833 -0.0078487 0.9693180 0.0839880 2415575.8428428
-1.2610288 -0.9533799 0.0113253 0.1238646 0.1950033 0.4192383 0.8779923 2415576.5295295
-1.2548444 -0.9602103 0.0110291 -0.1052391 0.2056537 -0.5440562 0.8066190 2415577.2162162
-1.2486157 -0.9670067 0.0107326 0.2306157 -0.0136052 0.9711113 0.0597842 2415577.9029029
-1.2423427 -0.9737689 0.0104356 0.1286901 0.1918530 0.4410076 0.8672621 2415578.5895896
-1.2360256 -0.9804965 0.0101383 -0.1000767 0.2082148 -0.5237674 0.8199384 2415579.2762763
-1.2296647 -0.9871894 0.0098406 0.2302046 -0.0193533 0.9723003 0.0355432 2415579.9629630
-1.2232599 -0.9938470 0.0095426 0.1334355 0.1885834 0.4625025 0.8559922 2415580.6496496
-1.2168116 -1.0004693 0.0092443 -0.0948520 0.2106462 -0.5031528 0.8327476 2415581.3363363
-1.2103199 -1.0070559 0.0089456 0.2296503 -0.0250893 0.9728844 0.0112800 2415582.0230230
-1.2037848 -1.0136064 0.0086466 0.1380978 0.1851964 0.4837096 0.8441897 2415582.7097097
-1.1972067 -1.0201207 0.0083472 -0.0895683 0.2129466 -0.4822250 0.8450386 2415583.3963964
-1.1905857 -1.0265984 0.0080476 0.2289530 -0.0308097 0.9728631 -0.0129901 2415584.0830831
-1.1839218 -1.0330392 0.0077477 0.1426743 0.1816942 0.5046157 0.8318619 2415584.7697698
-1.1772154 -1.0394429 0.0074475 -0.0842289 0.2151144 -0.4609972 0.8568039 2415585.4564565
-1.1704666 -1.0458091 0.0071471 0.2281133 -0.0365109 0.9722364 -0.0372522 2415586.1431431
-1.1636756 -1.0521376 0.0068464 0.1471619 0.1780789 0.5252079 0.8190165 2415586.8298298
-1.1568425 -1.0584280 0.0065454 -0.0788370 0.2171485 -0.4394825 0.8680359 2415587.5165165
-1.1499675 -1.0646802 0.0062442 0.2271316 -0.0421895 0.9710047 -0.0614911 2415588.2032032
-1.1430508 -1.0708937 0.0059428 0.1515580 0.1743528 0.5454732 0.8056614 2415588.8898899
-1.1360927 -1.0770684 0.0056411 -0.0733961 0.2190473 -0.4176944 0.8787279 2415589.5765766
-1.1290932 -1.0832039 0.0053393 0.2260086 -0.0478417 0.9691688 -0.0856917 2415590.2632633
-1.1220525 -1.0892999 0.0050373 0.1558597 0.1705182 0.5653991 0.7918050 2415590.9499499
-1.1149710 -1.0953563 0.0047350 -0.0679095 0.2208099 -0.3956463 0.8888730 2415591.6366366
-1.1078487 -1.1013725 0.0044326 0.2247450 -0.0534642 0.9667299 -0.1098390 2415592.3233233
-1.1006858 -1.1073485 0.0041301 0.1600645 0.1665776 0.5849731 0.7774559 2415593.0100100
-1.0934826 -1.1132839 0.0038274 -0.0623807 0.2224351 -0.3733521 0.8984651 2415593.6966967
-1.0862392 -1.1191784 0.0035245 0.2233415 -0.0590534 0.9636894 -0.1339179 2415594.3833834
-1.0789559 -1.1250317 0.0032215 0.1641697 0.1625332 0.6041832 0.7626231 2415595.0700701
-1.0716328 -1.1308436 0.0029184 -0.0568131 0.2239219 -0.3508255 0.9074981 2415595.7567568
-1.0642702 -1.1366137 0.0026152 0.2217990 -0.0646059 0.9600493 -0.1579136 2415596.4434434
-1.0568682 -1.1423419 0.0023119 0.1681727 0.1583877 0.6230173 0.7473156 2415597.1301301
-1.0494271 -1.1480277 0.0020085 -0.0512101 0.2252693 -0.3280807 0.9159663 2415597.8168168
-1.0419471 -1.1536710 0.0017051 0.2201185 -0.0701182 0.9558117 -0.1818109 2415598.5035035
-1.0344284 -1.1592715 0.0014015 0.1720711 0.1541437 0.6414638 0.7315432 2415599.1901902
-1.0268712 -1.1648288 0.0010980 -0.0455752 0.2264766 -0.3051317 0.9238647 2415599.8768769
-1.0192758 -1.1703427 0.0007944 0.2183011 -0.0755868 0.9509794 -0.2055952 2415600.5635636
-1.0116423 -1.1758129 0.0004907 0.1758624 0.1498037 0.6595111 0.7153156 2415601.2502502
-1.0039709 -1.1812392 0.0001870 -0.0399120 0.2275429 -0.2819928 0.9311881 2415601.9369369
-0.9962620 -1.1866212 -0.0001166 0.2163478 -0.0810084 0.9455554 -0.2292515 2415602.6236236
-0.9885157 -1.1919587 -0.0004203 0.1795442 0.1453706 0.6771480 0.6986429 2415603.3103103
-0.9807322 -1.1972514 -0.0007240 -0.0342239 0.2284676 -0.2586784 0.9379322 2415603.9969970
-0.9729118 -1.2024990 -0.0010276 0.2142599 -0.0863796 0.9395430 -0.2527651 2415604.6836837
-0.9650548 -1.2077013 -0.0013312 0.1831144 0.1408469 0.6943636 0.6815354 2415605.3703704
-0.9571612 -1.2128580 -0.0016347 -0.0285146 0.2292502 -0.2352031 0.9440926 2415606.0570571
-0.9492315 -1.2179688 -0.0019382 0.2120386 -0.0916971 0.9329460 -0.2761215 2415606.7437437
-0.9412658 -1.2230335 -0.0022416 0.1865706 0.1362357 0.7111470 0.6640039 2415607.4304304
-0.9332644 -1.2280517 -0.0025449 -0.0227875 0.2298901 -0.2115815 0.9496655 2415608.1171171
-0.9252274 -1.2330233 -0.0028481 0.2096854 -0.0969575 0.9257684 -0.2993060 2415608.8038038
-0.9171553 -1.2379479 -0.0031512 0.1899107 0.1315396 0.7274880 0.6460592 2415609.4904905
-0.9090481 -1.2428252 -0.0034542 -0.0170462 0.2303870 -0.1878281 0.9546475 2415610.1771772
-0.9009062 -1.2476550 -0.0037571 0.2072018 -0.1021575 0.9180148 -0.3223043 2415610.8638639
-0.8927298 -1.2524371 -0.0040598 0.1931326 0.1267617 0.7433763 0.6277124 2415611.5505506
-0.8845191 -1.2571712 -0.0043624 -0.0112943 0.2307405 -0.1639579 0.9590355 2415612.2372372
-0.8762745 -1.2618569 -0.0046648 0.2045892 -0.1072940 0.9096900 -0.3451021 2415612.9239239
-0.8679961 -1.2664941 -0.0049670 0.1962344 0.1219049 0.7588021 0.6089751 2415613.6106106
-0.8596843 -1.2710825 -0.0052690 -0.0055354 0.2309504 -0.1399857 0.9628267 2415614.2972973
-0.8513393 -1.2756218 -0.0055708 0.2018493 -0.1123637 0.9007990 -0.3676851 2415614.9839840
-0.8429614 -1.2801117 -0.0058724 0.1992140 0.1169723 0.7737556 0.5898588 2415615.6706707
-0.8345507 -1.2845520 -0.0061738 0.0002270 0.2310166 -0.1159264 0.9660188 2415616.3573574
-0.8261077 -1.2889425 -0.0064749 0.1989838 -0.1173635 0.8913476 -0.3900393 2415617.0440440
-0.8176326 -1.2932829 -0.0067758 0.2020697 0.1119669 0.7882278 0.5703756 2415617.7307307
-0.8091256 -1.2975729 -0.0070764 0.0059892 0.2309391 -0.0917949 0.9686098 2415618.4174174
-0.8005870 -1.3018122 -0.0073768 0.1959944 -0.1222903 0.8813416 -0.4121508 2415619.1041041
-0.7920171 -1.3060007 -0.0076768 0.2047996 0.1068918 0.8022094 0.5505373 2415619.7907908
-0.7834163 -1.3101380 -0.0079766 0.0117477 0.2307179 -0.0676063 0.9705981 2415620.4774775
-0.7747846 -1.3142239 -0.0082760 0.1928832 -0.1271410 0.8707871 -0.4340059 2415621.1641642
-0.7661226 -1.3182582 -0.0085752 0.2074021 0.1017502 0.8156918 0.5303566 2415621.8508509
-0.7574304 -1.3222406 -0.0088739 0.0174989 0.2303531 -0.0433757 0.9719824 2415622.5375375
-0.7487083 -1.3261709 -0.0091724 0.1896518 -0.1319125 0.8596907 -0.4555909 2415623.2242242
-0.7399566 -1.3300488 -0.0094704 0.2098756 0.0965452 0.8286667 0.5098458 2415623.9109109
-0.7311756 -1.3338740 -0.0097681 0.0232392 0.2298449 -0.0191181 0.9727619 2415624.5975976
-0.7223657 -1.3376464 -0.0100654 0.1863025 -0.1366020 0.8480595 -0.4768924 2415625.2842843
-0.7135271 -1.3413656 -0.0103623 0.2122184 0.0912802 0.8411260 0.4890177 2415625.9709710
-0.7046600 -1.3450315 -0.0106588 0.0289650 0.2291937 0.0051515 0.9729361 2415626.6576577
-0.6957649 -1.3486438 -0.0109549 0.1828373 -0.1412065 0.8359005 -0.4978972 2415627.3443443
-0.6868420 -1.3522023 -0.0112505 0.2144292 0.0859584 0.8530619 0.4678854 2415628.0310310
-0.6778917 -1.3557066 -0.0115457 0.0346728 0.2284000 0.0294178 0.9725049 2415628.7177177
-0.6689142 -1.3591567 -0.0118404 -0.1792583 0.1457231 -0.8232214 0.5185921 2415629.4044044
-0.6599098 -1.3625522 -0.0121347 0.2165066 0.0805831 0.8644669 0.4464619 2415630.0910911
-0.6508789 -1.3658929 -0.0124284 0.0403590 0.2274640 0.0536658 0.9714686 2415630.7777778
-0.6418217 -1.3691786 -0.0127217 -0.1755677 0.1501490 -0.8100300 0.5389644 2415631.4644645
-0.6327387 -1.3724090 -0.0130144 0.2184492 0.0751577 0.8753340 0.4247606 2415632.1511512
-0.6236301 -1.3755840 -0.0133067 0.0460202 0.2263866 0.0778805 0.9698278 2415632.8378378
-0.6144962 -1.3787033 -0.0135983 -0.1717679 0.1544815 -0.7963346 0.5590013 2415633.5245245
-0.6053374 -1.3817666 -0.0138895 0.2202559 0.0696855 0.8856565 0.4027950 2415634.2112112
-0.5961540 -1.3847738 -0.0141800 0.0516526 0.2251683 0.1020466 0.9675835 2415634.8978979
-0.5869464 -1.3877247 -0.0144700 -0.1678612 0.1587179 -0.7821437 0.5786903 2415635.5845846
-0.5777148 -1.3906189 -0.0147594 0.2219256 0.0641699 0.8954279 0.3805788 2415636.2712713
-0.5684595 -1.3934563 -0.0150482 0.0572530 0.2238098 0.1261493 0.9647371 2415636.9579580
-0.5591810 -1.3962366 -0.0153364 -0.1638500 0.1628555 -0.7674661 0.5980193 2415637.6446447
-0.5498796 -1.3989598 -0.0156239 0.2234571 0.0586145 0.9046420 0.3581257 2415638.3313313
-0.5405556 -1.4016254 -0.0159108 0.0628177 0.2223121 0.1501735 0.9612904 2415639.0180180
-0.5312094 -1.4042334 -0.0161971 -0.1597369 0.1668918 -0.7523109 0.6169761 2415639.7047047
-0.5218412 -1.4067835 -0.0164826 0.2248497 0.0530225 0.9132933 0.3354498 2415640.3913914
-0.5124515 -1.4092755 -0.0167675 0.0683433 0.2206761 0.1741042 0.9572455 2415641.0780781
-0.5030406 -1.4117092 -0.0170517 -0.1555244 0.1708242 -0.7366877 0.6355490 2415641.7647648
-0.4936088 -1.4140843 -0.0173352 0.2261022 0.0473975 0.9213763 0.3125652 2415642.4514515
-0.4841565 -1.4164008 -0.0176180 0.0738264 0.2189027 0.1979266 0.9526050 2415643.1381381
-0.4746841 -1.4186583 -0.0179001 -0.1512151 0.1746503 -0.7206060 0.6537265 2415643.8248248
-0.4651919 -1.4208568 -0.0181814 0.2272141 0.0417431 0.9288859 0.2894861 2415644.5115115
-0.4556803 -1.4229959 -0.0184619 0.0792636 0.2169932 0.2216258 0.9473718 2415645.1981982
-0.4461496 -1.4250755 -0.0187417 -0.1468117 0.1783678 -0.7040759 0.6714971 2415645.8848849
-0.4366003 -1.4270954 -0.0190207 0.2281847 0.0360626 0.9358176 0.2662268 2415646.5715716
-0.4270326 -1.4290555 -0.0192989 0.0846514 0.2149486 0.2451872 0.9415490 2415647.2582583
-0.4174469 -1.4309554 -0.0195762 -0.1423170 0.1819743 -0.6871077 0.6888500 2415647.9449450
-0.4078437 -1.4327951 -0.0198528 0.2290132 0.0303598 0.9421669 0.2428019 2415648.6316316
-0.3982233 -1.4345743 -0.0201285 0.0899866 0.2127702 0.2685959 0.9351404 2415649.3183183
-0.3885860 -1.4362929 -0.0204034 -0.1377337 0.1854675 -0.6697119 0.7057742 2415650.0050050
-0.3789322 -1.4379507 -0.0206774 0.2296992 0.0246380 0.9479300 0.2192259 2415650.6916917
-0.3692624 -1.4395474 -0.0209505 0.0952658 0.2104595 0.2918375 0.9281498 2415651.3783784
-0.3595769 -1.4410830 -0.0212227 -0.1330647 0.1888453 -0.6518994 0.7222592 2415652.0650651
-0.3498761 -1.4425572 -0.0214940 0.2302423 0.0189009 0.9531032 0.1955135 2415652.7517518
-0.3401604 -1.4439700 -0.0217644 0.1004856 0.2080178 0.3148976 0.9205818 2415653.4384384
-0.3304301 -1.4453210 -0.0220339 -0.1283129 0.1921056 -0.6336813 0.7382948 2415654.1251251
-0.3206856 -1.4466102 -0.0223025 0.2306421 0.0131521 0.9576834 0.1716794 2415654.8118118
-0.3109275 -1.4478373 -0.0225700 0.1056430 0.2054466 0.3377617 0.9124409 2415655.4984985
-0.3011559 -1.4490022 -0.0228367 -0.1234812 0.1952464 -0.6150689 0.7538710 2415656.1851852
-0.2913714 -1.4501049 -0.0231023 0.2308984 0.0073950 0.9616676 0.1477385 2415656.8718719
-0.2815744 -1.4511450 -0.0233669 0.1107346 0.2027476 0.3604156 0.9037322 2415657.5585586
-0.2717652 -1.4521224 -0.0236305 -0.1185728 0.1982656 -0.5960737 0.7689781 2415658.2452453
-0.2619442 -1.4530370 -0.0238931 0.2310110 0.0016334 0.9650534 0.1237057 2415658.9319319
-0.2521119 -1.4538887 -0.0241547 0.1157574 0.1999225 0.3828452 0.8944612 2415659.6186186
-0.2422686 -1.4546772 -0.0244152 -0.1135905 0.2011615 -0.5767077 0.7836067 2415660.3053053
-0.2324148 -1.4554025 -0.0246747 0.2309799 -0.0041293 0.9678388 0.0995959 2415660.9919920
-0.2225508 -1.4560644 -0.0249331 0.1207080 0.1969729 0.4050366 0.8846336 2415661.6786787
-0.2126772 -1.4566627 -0.0251903 -0.1085375 0.2039322 -0.5569827 0.7977477 2415662.3653654
-0.2027942 -1.4571974 -0.0254465 0.2308050 -0.0098894 0.9700219 0.0754241 2415663.0520521
-0.1929024 -1.4576682 -0.0257016 0.1255836 0.1939008 0.4269760 0.8742555 2415663.7387387
-0.1830021 -1.4580751 -0.0259556 -0.1034171 0.2065761 -0.5369112 0.8113924 2415664.4254254
-0.1730937 -1.4584179 -0.0262084 0.2304865 -0.0156433 0.9716014 0.0512054 2415665.1121121
-0.1631777 -1.4586965 -0.0264600 0.1303810 0.1907080 0.4486497 0.8633335 2415665.7987988
-0.1532546 -1.4589107 -0.0267105 -0.0982322 0.2090913 -0.5165056 0.8245321 2415666.4854855
-0.1433246 -1.4590606 -0.0269598 0.2300246 -0.0213875 0.9725763 0.0269548 2415667.1721722
-0.1333883 -1.4591458 -0.0272079 0.1350973 0.1873966 0.4700442 0.8518742 2415667.8588589
-0.1234461 -1.4591664 -0.0274548 -0.0929863 0.2114765 -0.4957787 0.8371587 2415668.5455456
-0.1134985 -1.4591221 -0.0277005 0.2294196 -0.0271184 0.9729460 0.0026875 2415669.2322322
-0.1035457 -1.4590130 -0.0279450 0.1397296 0.1839685 0.4911463 0.8398849 2415669.9189189
-0.0935884 -1.4588388 -0.0281882 -0.0876824 0.2137301 -0.4747432 0.8492645 2415670.6056056
-0.0836268 -1.4585995 -0.0284301 0.2286718 -0.0328324 0.9727104 -0.0215815 2415671.2922923
-0.0736615 -1.4582950 -0.0286708 0.1442749 0.1804260 0.5119427 0.8273729 2415671.9789790
-0.0636930 -1.4579251 -0.0289102 -0.0823240 0.2158507 -0.4534123 0.8608418 2415672.6656657
-0.0537215 -1.4574899 -0.0291483 0.2277817 -0.0385260 0.9718694 -0.0458371 2415673.3523524
-0.0437477 -1.4569891 -0.0293851 0.1487304 0.1767711 0.5324206 0.8143461 2415674.0390390
-0.0337718 -1.4564228 -0.0296206 -0.0769144 0.2178369 -0.4317992 0.8718834 2415674.7257257
-0.0237945 -1.4557907 -0.0298547 0.2267499 -0.0441956 0.9704237 -0.0700642 2415675.4124124
-0.0138161 -1.4550929 -0.0300875 0.1530933 0.1730063 0.5525672 0.8008126 2415676.0990991
-0.0038370 -1.4543292 -0.0303189 -0.0714570 0.2196877 -0.4099175 0.8823825 2415676.7857858
0.0061422 -1.4534996 -0.0305489 0.2255770 -0.0498377 0.9683742 -0.0942476 2415677.4724725
0.0161212 -1.4526040 -0.0307776 0.1573610 0.1691339 0.5723699 0.7867807 2415678.1591592
0.0260994 -1.4516424 -0.0310048 -0.0659550 0.2214017 -0.3877807 0.8923325 2415678.8458459
0.0360764 -1.4506146 -0.0312307 0.2242637 -0.0554488 0.9657221 -0.1183725 2415679.5325325
0.0460518 -1.4495206 -0.0314551 0.1615308 0.1651562 0.5918165 0.7722593 2415680.2192192
0.0560251 -1.4483604 -0.0316781 -0.0604120 0.2229779 -0.3654026 0.9017273 2415680.9059059
0.0659958 -1.4471338 -0.0318996 0.2228108 -0.0610254 0.9624691 -0.1424236 2415681.5925926
0.0759635 -1.4458409 -0.0321197 0.1656001 0.1610757 0.6108948 0.7572574 2415682.2792793
0.0859277 -1.4444815 -0.0323383 -0.0548315 0.2244154 -0.3427972 0.9105610 2415682.9659660
0.0958880 -1.4430557 -0.0325554 0.2212193 -0.0665640 0.9586172 -0.1663862 2415683.6526527
0.1058438 -1.4415634 -0.0327710 0.1695663 0.1568950 0.6295930 0.7417843 2415684.3393393
0.1157947 -1.4400045 -0.0329851 -0.0492168 0.2257133 -0.3199784 0.9188281 2415685.0260260
0.1257403 -1.4383790 -0.0331976 0.2194902 -0.0720613 0.9541688 -0.1902452 2415685.7127127
0.1356801 -1.4366869 -0.0334086 0.1734270 0.1526167 0.6478994 0.7258495 2415686.3993994
0.1456136 -1.4349282 -0.0336181 -0.0435714 0.2268707 -0.2969606 0.9265234 2415687.0860861
0.1555403 -1.4331028 -0.0338260 0.2176245 -0.0775136 0.9491266 -0.2139858 2415687.7727728
0.1654598 -1.4312106 -0.0340324 0.1771798 0.1482434 0.6658027 0.7094632 2415688.4594595
0.1753716 -1.4292518 -0.0342371 -0.0378990 0.2278869 -0.2737579 0.9336422 2415689.1461462
0.1852751 -1.4272262 -0.0344403 0.2156233 -0.0829177 0.9434939 -0.2375933 2415689.8328328
0.1951700 -1.4251339 -0.0346418 0.1808223 0.1437778 0.6832917 0.6926353 2415690.5195195
0.2050558 -1.4229749 -0.0348417 -0.0322030 0.2287613 -0.2503849 0.9401801 2415691.2062062
0.2149320 -1.4207491 -0.0350400 0.2134880 -0.0882703 0.9372740 -0.2610529 2415691.8928929
0.2247980 -1.4184565 -0.0352367 0.1843523 0.1392228 0.7003555 0.6753765 2415692.5795796
0.2346535 -1.4160972 -0.0354316 -0.0264869 0.2294934 -0.2268561 0.9461329 2415693.2662663
0.2444979 -1.4136711 -0.0356249 0.2112198 -0.0935679 0.9304710 -0.2843501 2415693.9529530
0.2543308 -1.4111783 -0.0358166 0.1877676 0.1345811 0.7169835 0.6576974 2415694.6396396
0.2641516 -1.4086188 -0.0360065 -0.0207544 0.2300827 -0.2031861 0.9514970 2415695.3263263
0.2739600 -1.4059926 -0.0361947 0.2088203 -0.0988073 0.9230889 -0.3074704 2415696.0130130
0.2837553 -1.4032997 -0.0363812 0.1910661 0.1298558 0.7331654 0.6396091 2415696.6996997
0.2935372 -1.4005401 -0.0365660 -0.0150090 0.2305288 -0.1793898 0.9562691 2415697.3863864
0.3033051 -1.3977139 -0.0367491 0.2062907 -0.1039852 0.9151325 -0.3303993 2415698.0730731
0.3130586 -1.3948212 -0.0369304 0.1942457 0.1250496 0.7488910 0.6211227 2415698.7597598
0.3227971 -1.3918618 -0.0371099 -0.0092542 0.2308314 -0.1554817 0.9604461 2415699.4464464
0.3325202 -1.3888360 -0.0372876 0.2036328 -0.1090984 0.9066067 -0.3531226 2415700.1331331
0.3422274 -1.3857437 -0.0374636 0.1973044 0.1201655 0.7641507 0.6022499 2415700.8198198
0.3519181 -1.3825850 -0.0376378 -0.0034936 0.2309904 -0.1314770 0.9640254 2415701.5065065
0.3615920 -1.3793599 -0.0378102 0.2008482 -0.1141437 0.8975167 -0.3756262 2415702.1931932
0.3712485 -1.3760685 -0.0379807 0.2002403 0.1152068 0.7789348 0.5830023 2415702.8798799
0.3808872 -1.3727109 -0.0381494 0.0022691 0.2310057 -0.1073904 0.9670049 2415703.5665666
0.3905075 -1.3692871 -0.0383163 0.1979386 -0.1191180 0.8878682 -0.3978961 2415704.2532533
0.4001089 -1.3657972 -0.0384814 0.2030516 0.1101763 0.7932343 0.5633920 2415704.9399399
0.4096910 -1.3622413 -0.0386445 0.0080304 0.2308772 -0.0832370 0.9693827 2415705.6266266
0.4192532 -1.3586194 -0.0388058 0.1949058 -0.1240181 0.8776672 -0.4199184 2415706.3133133
