-0.3846449 -0.1749353 0.0211370 0.0577473 0.0209445 0.4749911 0.8778440 2415021.0000000
-0.3841305 -0.1770550 0.0209167 0.0578444 0.0206748 0.4790811 0.8756186 2415021.0870871
-0.3836048 -0.1791695 0.0206959 0.0579402 0.0204048 0.4831607 0.8733741 2415021.1741742
-0.3830677 -0.1812787 0.0204744 0.0580348 0.0201343 0.4872297 0.8711106 2415021.2612613
-0.3825194 -0.1833826 0.0202524 0.0581281 0.0198633 0.4912882 0.8688282 2415021.3483483
-0.3819599 -0.1854811 0.0200297 0.0582201 0.0195919 0.4953359 0.8665269 2415021.4354354
-0.3813892 -0.1875742 0.0198065 0.0583109 0.0193201 0.4993729 0.8642067 2415021.5225225
-0.3808074 -0.1896618 0.0195827 0.0584004 0.0190479 0.5033990 0.8618677 2415021.6096096
-0.3802146 -0.1917439 0.0193583 0.0584886 0.0187752 0.5074142 0.8595100 2415021.6966967
-0.3796107 -0.1938204 0.0191334 0.0585755 0.0185022 0.5114183 0.8571336 2415021.7837838
-0.3789959 -0.1958914 0.0189079 0.0586612 0.0182287 0.5154112 0.8547385 2415021.8708709
-0.3783701 -0.1979567 0.0186818 0.0587456 0.0179549 0.5193930 0.8523248 2415021.9579580
-0.3777335 -0.2000163 0.0184552 0.0588287 0.0176806 0.5233634 0.8498925 2415022.0450450
-0.3770860 -0.2020702 0.0182281 0.0589106 0.0174060 0.5273225 0.8474418 2415022.1321321
-0.3764278 -0.2041183 0.0180005 0.0589911 0.0171310 0.5312700 0.8449726 2415022.2192192
-0.3757588 -0.2061606 0.0177724 0.0590704 0.0168556 0.5352060 0.8424851 2415022.3063063
-0.3750792 -0.2081970 0.0175437 0.0591484 0.0165799 0.5391304 0.8399792 2415022.3933934
-0.3743889 -0.2102275 0.0173146 0.0592251 0.0163038 0.5430430 0.8374550 2415022.4804805
-0.3736880 -0.2122521 0.0170850 0.0593005 0.0160273 0.5469438 0.8349126 2415022.5675676
-0.3729766 -0.2142707 0.0168548 0.0593746 0.0157505 0.5508327 0.8323521 2415022.6546547
-0.3722547 -0.2162833 0.0166243 0.0594475 0.0154733 0.5547096 0.8297734 2415022.7417417
-0.3715224 -0.2182898 0.0163932 0.0595190 0.0151958 0.5585744 0.8271767 2415022.8288288
-0.3707796 -0.2202901 0.0161617 0.0595892 0.0149180 0.5624271 0.8245619 2415022.9159159
-0.3700265 -0.2222844 0.0159297 0.0596582 0.0146399 0.5662675 0.8219293 2415023.0030030
-0.3692631 -0.2242724 0.0156973 0.0597258 0.0143614 0.5700956 0.8192787 2415023.0900901
-0.3684895 -0.2262542 0.0154645 0.0597922 0.0140826 0.5739112 0.8166103 2415023.1771772
-0.3677056 -0.2282298 0.0152312 0.0598572 0.0138036 0.5777144 0.8139242 2415023.2642643
-0.3669116 -0.2301990 0.0149975 0.0599210 0.0135242 0.5815051 0.8112203 2415023.3513514
-0.3661074 -0.2321619 0.0147634 0.0599834 0.0132445 0.5852830 0.8084988 2415023.4384384
-0.3652932 -0.2341184 0.0145289 0.0600445 0.0129645 0.5890482 0.8057597 2415023.5255255
-0.3644690 -0.2360685 0.0142940 0.0601043 0.0126843 0.5928006 0.8030031 2415023.6126126
-0.3636347 -0.2380121 0.0140587 0.0601629 0.0124038 0.5965401 0.8002290 2415023.6996997
-0.3627906 -0.2399493 0.0138230 0.0602201 0.0121230 0.6002666 0.7974375 2415023.7867868
-0.3619366 -0.2418799 0.0135869 0.0602760 0.0118419 0.6039801 0.7946286 2415023.8738739
-0.3610728 -0.2438039 0.0133505 0.0603306 0.0115606 0.6076804 0.7918025 2415023.9609610
-0.3601991 -0.2457213 0.0131137 0.0603838 0.0112791 0.6113674 0.7889591 2415024.0480480
-0.3593158 -0.2476321 0.0128766 0.0604358 0.0109973 0.6150412 0.7860985 2415024.1351351
-0.3584227 -0.2495362 0.0126391 0.0604864 0.0107152 0.6187016 0.7832209 2415024.2222222
-0.3575200 -0.2514336 0.0124012 0.0605358 0.0104329 0.6223485 0.7803262 2415024.3093093
-0.3566077 -0.2533242 0.0121631 0.0605838 0.0101504 0.6259818 0.7774145 2415024.3963964
-0.3556858 -0.2552080 0.0119246 0.0606305 0.0098677 0.6296016 0.7744859 2415024.4834835
-0.3547545 -0.2570851 0.0116858 0.0606758 0.0095848 0.6332076 0.7715405 2415024.5705706
-0.3538137 -0.2589552 0.0114466 0.0607199 0.0093016 0.6367998 0.7685783 2415024.6576577
-0.3528634 -0.2608185 0.0112072 0.0607626 0.0090183 0.6403782 0.7655993 2415024.7447447
-0.3519039 -0.2626749 0.0109675 0.0608040 0.0087347 0.6439427 0.7626037 2415024.8318318
-0.3509350 -0.2645243 0.0107275 0.0608441 0.0084510 0.6474931 0.7595915 2415024.9189189
-0.3499568 -0.2663667 0.0104872 0.0608829 0.0081671 0.6510294 0.7565628 2415025.0060060
-0.3489694 -0.2682021 0.0102466 0.0609203 0.0078830 0.6545516 0.7535176 2415025.0930931
-0.3479728 -0.2700305 0.0100057 0.0609564 0.0075987 0.6580595 0.7504560 2415025.1801802
-0.3469671 -0.2718517 0.0097646 0.0609912 0.0073142 0.6615531 0.7473781 2415025.2672673
-0.3459523 -0.2736659 0.0095233 0.0610246 0.0070297 0.6650323 0.7442839 2415025.3543544
-0.3449284 -0.2754729 0.0092816 0.0610568 0.0067449 0.6684971 0.7411736 2415025.4414414
-0.3438956 -0.2772727 0.0090398 0.0610876 0.0064600 0.6719472 0.7380471 2415025.5285285
-0.3428538 -0.2790653 0.0087977 0.0611170 0.0061750 0.6753828 0.7349045 2415025.6156156
-0.3418032 -0.2808506 0.0085554 0.0611452 0.0058898 0.6788036 0.7317460 2415025.7027027
-0.3407436 -0.2826287 0.0083128 0.0611720 0.0056045 0.6822097 0.7285715 2415025.7897898
-0.3396753 -0.2843995 0.0080701 0.0611975 0.0053191 0.6856009 0.7253812 2415025.8768769
-0.3385982 -0.2861629 0.0078271 0.0612216 0.0050336 0.6889772 0.7221751 2415025.9639640
-0.3375123 -0.2879189 0.0075840 0.0612444 0.0047479 0.6923386 0.7189533 2415026.0510511
-0.3364178 -0.2896676 0.0073406 0.0612659 0.0044622 0.6956848 0.7157159 2415026.1381381
-0.3353147 -0.2914088 0.0070971 0.0612861 0.0041763 0.6990159 0.7124629 2415026.2252252
-0.3342030 -0.2931426 0.0068533 0.0613049 0.0038904 0.7023318 0.7091943 2415026.3123123
-0.3330828 -0.2948689 0.0066094 0.0613224 0.0036044 0.7056324 0.7059104 2415026.3993994
-0.3319541 -0.2965877 0.0063653 0.0613385 0.0033183 0.7089176 0.7026111 2415026.4864865
-0.3308169 -0.2982989 0.0061211 0.0613533 0.0030321 0.7121875 0.6992965 2415026.5735736
-0.3296713 -0.3000026 0.0058767 0.0613668 0.0027459 0.7154418 0.6959667 2415026.6606607
-0.3285174 -0.3016987 0.0056322 0.0613789 0.0024596 0.7186805 0.6926217 2415026.7477477
-0.3273552 -0.3033871 0.0053875 0.0613897 0.0021733 0.7219036 0.6892617 2415026.8348348
-0.3261847 -0.3050679 0.0051427 0.0613992 0.0018869 0.7251110 0.6858867 2415026.9219219
-0.3250060 -0.3067410 0.0048977 0.0614073 0.0016004 0.7283026 0.6824968 2415027.0090090
-0.3238191 -0.3084064 0.0046527 0.0614141 0.0013140 0.7314784 0.6790920 2415027.0960961
-0.3226241 -0.3100640 0.0044075 0.0614196 0.0010275 0.7346382 0.6756724 2415027.1831832
-0.3214210 -0.3117139 0.0041622 0.0614237 0.0007409 0.7377821 0.6722382 2415027.2702703
-0.3202099 -0.3133560 0.0039168 0.0614265 0.0004544 0.7409099 0.6687893 2415027.3573574
-0.3189908 -0.3149903 0.0036713 0.0614280 0.0001679 0.7440216 0.6653259 2415027.4444444
-0.3177638 -0.3166167 0.0034257 0.0614281 -0.0001187 0.7471170 0.6618480 2415027.5315315
-0.3165288 -0.3182352 0.0031800 0.0614269 -0.0004052 0.7501962 0.6583557 2415027.6186186
-0.3152860 -0.3198459 0.0029343 0.0614243 -0.0006918 0.7532591 0.6548490 2415027.7057057
-0.3140354 -0.3214486 0.0026884 0.0614204 -0.0009783 0.7563056 0.6513281 2415027.7927928
-0.3127770 -0.3230434 0.0024425 0.0614152 -0.0012648 0.7593357 0.6477931 2415027.8798799
-0.3115109 -0.3246302 0.0021966 0.0614086 -0.0015513 0.7623492 0.6442440 2415027.9669670
-0.3102372 -0.3262090 0.0019506 0.0614007 -0.0018377 0.7653461 0.6406808 2415028.0540541
-0.3089558 -0.3277798 0.0017045 0.0613915 -0.0021241 0.7683264 0.6371037 2415028.1411411
-0.3076668 -0.3293425 0.0014584 0.0613809 -0.0024104 0.7712899 0.6335128 2415028.2282282
-0.3063702 -0.3308972 0.0012123 0.0613690 -0.0026967 0.7742367 0.6299080 2415028.3153153
-0.3050662 -0.3324438 0.0009661 0.0613557 -0.0029830 0.7771666 0.6262896 2415028.4024024
-0.3037547 -0.3339822 0.0007199 0.0613411 -0.0032692 0.7800796 0.6226575 2415028.4894895
-0.3024358 -0.3355125 0.0004737 0.0613252 -0.0035553 0.7829756 0.6190119 2415028.5765766
-0.3011096 -0.3370346 0.0002275 0.0613080 -0.0038413 0.7858546 0.6153528 2415028.6636637
-0.2997760 -0.3385486 -0.0000187 0.0612894 -0.0041272 0.7887165 0.6116804 2415028.7507507
-0.2984351 -0.3400543 -0.0002649 0.0612695 -0.0044131 0.7915612 0.6079946 2415028.8378378
-0.2970870 -0.3415518 -0.0005111 0.0612482 -0.0046988 0.7943887 0.6042956 2415028.9249249
-0.2957318 -0.3430410 -0.0007573 0.0612256 -0.0049845 0.7971989 0.6005834 2415029.0120120
-0.2943693 -0.3445219 -0.0010035 0.0612017 -0.0052700 0.7999918 0.5968582 2415029.0990991
-0.2929998 -0.3459945 -0.0012497 0.0611765 -0.0055555 0.8027672 0.5931200 2415029.1861862
-0.2916232 -0.3474588 -0.0014958 0.0611499 -0.0058408 0.8055252 0.5893689 2415029.2732733
-0.2902397 -0.3489147 -0.0017419 0.0611220 -0.0061259 0.8082656 0.5856050 2415029.3603604
-0.2888491 -0.3503623 -0.0019880 0.0610927 -0.0064110 0.8109885 0.5818284 2415029.4474474
-0.2874516 -0.3518015 -0.0022340 0.0610622 -0.0066959 0.8136937 0.5780390 2415029.5345345
-0.2860473 -0.3532322 -0.0024799 0.0610303 -0.0069807 0.8163812 0.5742371 2415029.6216216
-0.2846361 -0.3546545 -0.0027258 0.0609970 -0.0072653 0.8190509 0.5704228 2415029.7087087
-0.2832181 -0.3560683 -0.0029716 0.0609625 -0.0075497 0.8217029 0.5665960 2415029.7957958
-0.2817934 -0.3574737 -0.0032174 0.0609266 -0.0078340 0.8243369 0.5627568 2415029.8828829
-0.2803619 -0.3588705 -0.0034631 0.0608894 -0.0081181 0.8269530 0.5589055 2415029.9699700
-0.2789238 -0.3602588 -0.0037087 0.0608509 -0.0084021 0.8295511 0.5550420 2415030.0570571
-0.2774791 -0.3616386 -0.0039542 0.0608110 -0.0086858 0.8321311 0.5511664 2415030.1441441
-0.2760278 -0.3630098 -0.0041996 0.0607698 -0.0089694 0.8346931 0.5472788 2415030.2312312
-0.2745700 -0.3643724 -0.0044449 0.0607273 -0.0092528 0.8372368 0.5433793 2415030.3183183
-0.2731057 -0.3657264 -0.0046901 0.0606835 -0.0095359 0.8397624 0.5394680 2415030.4054054
-0.2716349 -0.3670718 -0.0049352 0.0606384 -0.0098189 0.8422697 0.5355449 2415030.4924925
-0.2701578 -0.3684085 -0.0051802 0.0605919 -0.0101016 0.8447586 0.5316102 2415030.5795796
-0.2686743 -0.3697366 -0.0054251 0.0605441 -0.0103842 0.8472292 0.5276640 2415030.6666667
-0.2671844 -0.3710559 -0.0056698 0.0604950 -0.0106665 0.8496813 0.5237062 2415030.7537538
-0.2656883 -0.3723666 -0.0059144 0.0604446 -0.0109485 0.8521150 0.5197371 2415030.8408408
-0.2641860 -0.3736685 -0.0061589 0.0603929 -0.0112304 0.8545301 0.5157566 2415030.9279279
-0.2626775 -0.3749617 -0.0064032 0.0603398 -0.0115120 0.8569266 0.5117650 2415031.0150150
-0.2611629 -0.3762461 -0.0066473 0.0602855 -0.0117933 0.8593044 0.5077622 2415031.1021021
-0.2596421 -0.3775217 -0.0068914 0.0602298 -0.0120744 0.8616636 0.5037484 2415031.1891892
-0.2581153 -0.3787886 -0.0071352 0.0601728 -0.0123552 0.8640040 0.4997236 2415031.2762763
-0.2565825 -0.3800466 -0.0073789 0.0601146 -0.0126357 0.8663256 0.4956879 2415031.3633634
-0.2550437 -0.3812957 -0.0076224 0.0600550 -0.0129160 0.8686284 0.4916414 2415031.4504504
-0.2534990 -0.3825360 -0.0078658 0.0599941 -0.0131960 0.8709122 0.4875843 2415031.5375375
-0.2519484 -0.3837674 -0.0081089 0.0599319 -0.0134757 0.8731772 0.4835165 2415031.6246246
-0.2503919 -0.3849899 -0.0083519 0.0598683 -0.0137551 0.8754231 0.4794383 2415031.7117117
-0.2488297 -0.3862035 -0.0085947 0.0598035 -0.0140342 0.8776499 0.4753496 2415031.7987988
-0.2472617 -0.3874082 -0.0088372 0.0597374 -0.0143130 0.8798577 0.4712505 2415031.8858859
-0.2456880 -0.3886039 -0.0090796 0.0596700 -0.0145915 0.8820463 0.4671412 2415031.9729730
-0.2441086 -0.3897907 -0.0093218 0.0596013 -0.0148697 0.8842157 0.4630218 2415032.0600601
-0.2425236 -0.3909684 -0.0095637 0.0595313 -0.0151476 0.8863659 0.4588922 2415032.1471471
-0.2409330 -0.3921372 -0.0098054 0.0594600 -0.0154251 0.8884968 0.4547527 2415032.2342342
-0.2393369 -0.3932969 -0.0100469 0.0593874 -0.0157023 0.8906083 0.4506033 2415032.3213213
-0.2377352 -0.3944476 -0.0102882 0.0593135 -0.0159791 0.8927005 0.4464441 2415032.4084084
-0.2361281 -0.3955893 -0.0105292 0.0592383 -0.0162556 0.8947733 0.4422752 2415032.4954955
-0.2345156 -0.3967218 -0.0107700 0.0591618 -0.0165318 0.8968266 0.4380967 2415032.5825826
-0.2328977 -0.3978453 -0.0110106 0.0590841 -0.0168075 0.8988603 0.4339086 2415032.6696697
-0.2312745 -0.3989597 -0.0112509 0.0590050 -0.0170830 0.9008745 0.4297111 2415032.7567568
-0.2296460 -0.4000649 -0.0114909 0.0589247 -0.0173580 0.9028692 0.4255042 2415032.8438438
-0.2280123 -0.4011611 -0.0117307 0.0588431 -0.0176327 0.9048441 0.4212881 2415032.9309309
-0.2263733 -0.4022480 -0.0119702 0.0587602 -0.0179070 0.9067994 0.4170629 2415033.0180180
-0.2247292 -0.4033258 -0.0122094 0.0586760 -0.0181809 0.9087349 0.4128285 2415033.1051051
-0.2230800 -0.4043944 -0.0124484 0.0585906 -0.0184544 0.9106507 0.4085852 2415033.1921922
-0.2214257 -0.4054538 -0.0126870 0.0585039 -0.0187275 0.9125467 0.4043330 2415033.2792793
-0.2197664 -0.4065040 -0.0129254 0.0584159 -0.0190001 0.9144228 0.4000720 2415033.3663664
-0.2181020 -0.4075449 -0.0131635 0.0583266 -0.0192724 0.9162790 0.3958022 2415033.4534535
-0.2164327 -0.4085766 -0.0134013 0.0582361 -0.0195443 0.9181152 0.3915239 2415033.5405405
-0.2147586 -0.4095991 -0.0136388 0.0581443 -0.0198157 0.9199315 0.3872371 2415033.6276276
-0.2130795 -0.4106122 -0.0138760 0.0580512 -0.0200867 0.9217278 0.3829418 2415033.7147147
-0.2113956 -0.4116161 -0.0141128 0.0579569 -0.0203573 0.9235040 0.3786382 2415033.8018018
-0.2097070 -0.4126106 -0.0143494 0.0578613 -0.0206274 0.9252601 0.3743264 2415033.8888889
-0.2080136 -0.4135958 -0.0145856 0.0577645 -0.0208971 0.9269961 0.3700064 2415033.9759760
-0.2063155 -0.4145717 -0.0148215 0.0576664 -0.0211663 0.9287120 0.3656784 2415034.0630631
-0.2046127 -0.4155382 -0.0150570 0.0575670 -0.0214350 0.9304076 0.3613424 2415034.1501501
-0.2029053 -0.4164954 -0.0152923 0.0574664 -0.0217033 0.9320829 0.3569986 2415034.2372372
-0.2011934 -0.4174432 -0.0155271 0.0573645 -0.0219712 0.9337380 0.3526470 2415034.3243243
-0.1994769 -0.4183815 -0.0157617 0.0572614 -0.0222385 0.9353728 0.3482877 2415034.4114114
-0.1977560 -0.4193105 -0.0159958 0.0571571 -0.0225053 0.9369872 0.3439208 2415034.4984985
-0.1960306 -0.4202300 -0.0162296 0.0570515 -0.0227717 0.9385812 0.3395465 2415034.5855856
-0.1943008 -0.4211401 -0.0164631 0.0569446 -0.0230376 0.9401548 0.3351648 2415034.6726727
-0.1925666 -0.4220408 -0.0166962 0.0568366 -0.0233030 0.9417080 0.3307758 2415034.7597598
-0.1908281 -0.4229319 -0.0169288 0.0567272 -0.0235678 0.9432407 0.3263796 2415034.8468468
-0.1890853 -0.4238136 -0.0171612 0.0566167 -0.0238322 0.9447528 0.3219763 2415034.9339339
-0.1873383 -0.4246858 -0.0173931 0.0565049 -0.0240960 0.9462444 0.3175660 2415035.0210210
-0.1855871 -0.4255485 -0.0176247 0.0563919 -0.0243593 0.9477154 0.3131488 2415035.1081081
-0.1838318 -0.4264016 -0.0178558 0.0562777 -0.0246221 0.9491658 0.3087247 2415035.1951952
-0.1820723 -0.4272452 -0.0180866 0.0561622 -0.0248843 0.9505955 0.3042940 2415035.2822823
-0.1803088 -0.4280793 -0.0183169 0.0560455 -0.0251460 0.9520045 0.2998566 2415035.3693694
-0.1785412 -0.4289038 -0.0185468 0.0559276 -0.0254072 0.9533928 0.2954127 2415035.4564565
-0.1767696 -0.4297187 -0.0187764 0.0558085 -0.0256678 0.9547604 0.2909624 2415035.5435435
-0.1749941 -0.4305241 -0.0190055 0.0556882 -0.0259278 0.9561072 0.2865058 2415035.6306306
-0.1732147 -0.4313198 -0.0192342 0.0555666 -0.0261873 0.9574332 0.2820429 2415035.7177177
-0.1714315 -0.4321059 -0.0194624 0.0554439 -0.0264462 0.9587384 0.2775739 2415035.8048048
-0.1696444 -0.4328824 -0.0196902 0.0553199 -0.0267045 0.9600227 0.2730988 2415035.8918919
-0.1678535 -0.4336492 -0.0199176 0.0551947 -0.0269623 0.9612861 0.2686179 2415035.9789790
-0.1660590 -0.4344064 -0.0201445 0.0550684 -0.0272194 0.9625286 0.2641310 2415036.0660661
-0.1642607 -0.4351540 -0.0203710 0.0549408 -0.0274760 0.9637502 0.2596384 2415036.1531532
-0.1624587 -0.4358918 -0.0205971 0.0548120 -0.0277320 0.9649508 0.2551402 2415036.2402402
-0.1606532 -0.4366200 -0.0208226 0.0546821 -0.0279873 0.9661304 0.2506364 2415036.3273273
-0.1588440 -0.4373384 -0.0210478 0.0545509 -0.0282421 0.9672890 0.2461272 2415036.4144144
-0.1570314 -0.4380472 -0.0212724 0.0544186 -0.0284962 0.9684265 0.2416126 2415036.5015015
-0.1552153 -0.4387462 -0.0214966 0.0542851 -0.0287498 0.9695430 0.2370928 2415036.5885886
-0.1533957 -0.4394355 -0.0217203 0.0541504 -0.0290027 0.9706383 0.2325678 2415036.6756757
-0.1515727 -0.4401150 -0.0219435 0.0540145 -0.0292549 0.9717126 0.2280377 2415036.7627628
-0.1497463 -0.4407848 -0.0221662 0.0538775 -0.0295066 0.9727657 0.2235027 2415036.8498498
-0.1479167 -0.4414448 -0.0223885 0.0537393 -0.0297575 0.9737976 0.2189628 2415036.9369369
-0.1460837 -0.4420950 -0.0226102 0.0535999 -0.0300079 0.9748084 0.2144182 2415037.0240240
-0.1442475 -0.4427355 -0.0228315 0.0534593 -0.0302576 0.9757979 0.2098689 2415037.1111111
-0.1424082 -0.4433661 -0.0230522 0.0533176 -0.0305066 0.9767663 0.2053150 2415037.1981982
-0.1405656 -0.4439869 -0.0232724 0.0531747 -0.0307550 0.9777133 0.2007567 2415037.2852853
-0.1387200 -0.4445979 -0.0234921 0.0530307 -0.0310027 0.9786391 0.1961940 2415037.3723724
-0.1368713 -0.4451990 -0.0237113 0.0528855 -0.0312497 0.9795436 0.1916270 2415037.4594595
-0.1350195 -0.4457903 -0.0239300 0.0527392 -0.0314960 0.9804268 0.1870559 2415037.5465465
-0.1331648 -0.4463717 -0.0241481 0.0525917 -0.0317417 0.9812886 0.1824807 2415037.6336336
-0.1313071 -0.4469433 -0.0243657 0.0524431 -0.0319867 0.9821291 0.1779015 2415037.7207207
-0.1294466 -0.4475049 -0.0245828 0.0522933 -0.0322309 0.9829483 0.1733184 2415037.8078078
-0.1275831 -0.4480567 -0.0247993 0.0521424 -0.0324745 0.9837460 0.1687316 2415037.8948949
-0.1257169 -0.4485986 -0.0250153 0.0519903 -0.0327174 0.9845224 0.1641411 2415037.9819820
-0.1238478 -0.4491306 -0.0252307 0.0518372 -0.0329595 0.9852773 0.1595470 2415038.0690691
-0.1219761 -0.4496526 -0.0254456 0.0516829 -0.0332010 0.9860108 0.1549495 2415038.1561562
-0.1201016 -0.4501647 -0.0256599 0.0515274 -0.0334417 0.9867228 0.1503486 2415038.2432432
-0.1182245 -0.4506669 -0.0258736 0.0513709 -0.0336817 0.9874134 0.1457444 2415038.3303303
-0.1163448 -0.4511591 -0.0260868 0.0512132 -0.0339209 0.9880824 0.1411371 2415038.4174174
-0.1144625 -0.4516413 -0.0262993 0.0510544 -0.0341594 0.9887300 0.1365267 2415038.5045045
-0.1125776 -0.4521136 -0.0265113 0.0508945 -0.0343972 0.9893561 0.1319133 2415038.5915916
-0.1106903 -0.4525759 -0.0267228 0.0507335 -0.0346342 0.9899606 0.1272970 2415038.6786787
-0.1088006 -0.4530281 -0.0269336 0.0505714 -0.0348705 0.9905436 0.1226780 2415038.7657658
-0.1069084 -0.4534704 -0.0271438 0.0504082 -0.0351060 0.9911051 0.1180563 2415038.8528529
-0.1050139 -0.4539027 -0.0273535 0.0502439 -0.0353407 0.9916450 0.1134320 2415038.9399399
-0.1031170 -0.4543250 -0.0275625 0.0500785 -0.0355747 0.9921633 0.1088053 2415039.0270270
-0.1012179 -0.4547372 -0.0277709 0.0499121 -0.0358079 0.9926600 0.1041762 2415039.1141141
-0.0993166 -0.4551394 -0.0279787 0.0497445 -0.0360403 0.9931351 0.0995448 2415039.2012012
-0.0974130 -0.4555315 -0.0281859 0.0495758 -0.0362720 0.9935887 0.0949113 2415039.2882883
-0.0955073 -0.4559136 -0.0283925 0.0494061 -0.0365028 0.9940206 0.0902757 2415039.3753754
-0.0935995 -0.4562856 -0.0285984 0.0492353 -0.0367329 0.9944308 0.0856381 2415039.4624625
-0.0916897 -0.4566475 -0.0288037 0.0490634 -0.0369621 0.9948195 0.0809987 2415039.5495495
-0.0897778 -0.4569994 -0.0290084 0.0488905 -0.0371906 0.9951865 0.0763575 2415039.6366366
-0.0878639 -0.4573411 -0.0292124 0.0487165 -0.0374182 0.9955318 0.0717147 2415039.7237237
-0.0859481 -0.4576728 -0.0294158 0.0485414 -0.0376451 0.9958555 0.0670703 2415039.8108108
-0.0840304 -0.4579943 -0.0296186 0.0483653 -0.0378711 0.9961575 0.0624244 2415039.8978979
-0.0821108 -0.4583058 -0.0298207 0.0481881 -0.0380963 0.9964378 0.0577772 2415039.9849850
-0.0801894 -0.4586071 -0.0300221 0.0480099 -0.0383206 0.9966965 0.0531287 2415040.0720721
-0.0782663 -0.4588982 -0.0302228 0.0478306 -0.0385442 0.9969335 0.0484790 2415040.1591592
-0.0763414 -0.4591792 -0.0304229 0.0476503 -0.0387668 0.9971488 0.0438283 2415040.2462462
-0.0744148 -0.4594501 -0.0306224 0.0474690 -0.0389887 0.9973424 0.0391767 2415040.3333333
-0.0724866 -0.4597108 -0.0308211 0.0472866 -0.0392097 0.9975142 0.0345242 2415040.4204204
-0.0705567 -0.4599613 -0.0310192 0.0471032 -0.0394298 0.9976644 0.0298709 2415040.5075075
-0.0686253 -0.4602017 -0.0312165 0.0469188 -0.0396491 0.9977929 0.0252170 2415040.5945946
-0.0666924 -0.4604319 -0.0314132 0.0467333 -0.0398675 0.9978997 0.0205626 2415040.6816817
-0.0647581 -0.4606518 -0.0316092 0.0465468 -0.0400851 0.9979847 0.0159077 2415040.7687688
-0.0628222 -0.4608616 -0.0318045 0.0463594 -0.0403018 0.9980481 0.0112524 2415040.8558559
-0.0608850 -0.4610612 -0.0319991 0.0461709 -0.0405176 0.9980897 0.0065969 2415040.9429429
-0.0589465 -0.4612506 -0.0321930 0.0459814 -0.0407325 0.9981096 0.0019413 2415041.0300300
-0.0570066 -0.4614297 -0.0323861 0.0457909 -0.0409465 0.9981078 -0.0027144 2415041.1171171
-0.0550655 -0.4615986 -0.0325786 0.0455994 -0.0411597 0.9980843 -0.0073700 2415041.2042042
-0.0531231 -0.4617573 -0.0327703 0.0454069 -0.0413719 0.9980391 -0.0120255 2415041.2912913
-0.0511796 -0.4619057 -0.0329613 0.0452134 -0.0415833 0.9979721 -0.0166807 2415041.3783784
-0.0492349 -0.4620439 -0.0331516 0.0450190 -0.0417937 0.9978834 -0.0213356 2415041.4654655
-0.0472892 -0.4621718 -0.0333411 0.0448235 -0.0420032 0.9977731 -0.0259899 2415041.5525526
-0.0453424 -0.4622895 -0.0335299 0.0446271 -0.0422119 0.9976410 -0.0306437 2415041.6396396
-0.0433946 -0.4623969 -0.0337179 0.0444297 -0.0424196 0.9974872 -0.0352969 2415041.7267267
-0.0414458 -0.4624940 -0.0339052 0.0442314 -0.0426263 0.9973117 -0.0399493 2415041.8138138
-0.0394961 -0.4625808 -0.0340917 0.0440321 -0.0428322 0.9971145 -0.0446008 2415041.9009009
-0.0375455 -0.4626573 -0.0342775 0.0438318 -0.0430371 0.9968956 -0.0492513 2415041.9879880
-0.0355941 -0.4627236 -0.0344625 0.0436306 -0.0432411 0.9966550 -0.0539008 2415042.0750751
-0.0336419 -0.4627795 -0.0346468 0.0434284 -0.0434442 0.9963928 -0.0585491 2415042.1621622
-0.0316889 -0.4628251 -0.0348303 0.0432253 -0.0436463 0.9961088 -0.0631962 2415042.2492492
-0.0297353 -0.4628604 -0.0350130 0.0430212 -0.0438474 0.9958032 -0.0678418 2415042.3363363
-0.0277810 -0.4628854 -0.0351949 0.0428162 -0.0440476 0.9954759 -0.0724860 2415042.4234234
-0.0258260 -0.4629001 -0.0353760 0.0426103 -0.0442468 0.9951270 -0.0771286 2415042.5105105
-0.0238705 -0.4629044 -0.0355564 0.0424035 -0.0444451 0.9947564 -0.0817695 2415042.5975976
-0.0219144 -0.4628984 -0.0357359 0.0421957 -0.0446424 0.9943642 -0.0864087 2415042.6846847
-0.0199579 -0.4628820 -0.0359147 0.0419870 -0.0448388 0.9939503 -0.0910460 2415042.7717718
-0.0180009 -0.4628553 -0.0360926 0.0417774 -0.0450341 0.9935148 -0.0956812 2415042.8588589
-0.0160435 -0.4628182 -0.0362698 0.0415669 -0.0452285 0.9930577 -0.1003145 2415042.9459459
-0.0140858 -0.4627708 -0.0364461 0.0413554 -0.0454219 0.9925790 -0.1049455 2415043.0330330
-0.0121277 -0.4627130 -0.0366216 0.0411431 -0.0456143 0.9920787 -0.1095742 2415043.1201201
-0.0101694 -0.4626448 -0.0367963 0.0409299 -0.0458057 0.9915568 -0.1142006 2415043.2072072
-0.0082108 -0.4625662 -0.0369702 0.0407158 -0.0459961 0.9910133 -0.1188245 2415043.2942943
-0.0062520 -0.4624773 -0.0371432 0.0405008 -0.0461856 0.9904482 -0.1234458 2415043.3813814
-0.0042931 -0.4623779 -0.0373154 0.0402849 -0.0463740 0.9898616 -0.1280644 2415043.4684685
-0.0023342 -0.4622682 -0.0374868 0.0400682 -0.0465614 0.9892535 -0.1326802 2415043.5555556
-0.0003751 -0.4621481 -0.0376573 0.0398506 -0.0467478 0.9886239 -0.1372932 2415043.6426426
0.0015839 -0.4620175 -0.0378270 0.0396321 -0.0469331 0.9879727 -0.1419032 2415043.7297297
0.0035430 -0.4618766 -0.0379958 0.0394127 -0.0471175 0.9873001 -0.1465100 2415043.8168168
0.0055019 -0.4617253 -0.0381638 0.0391925 -0.0473008 0.9866059 -0.1511137 2415043.9039039
0.0074607 -0.4615635 -0.0383309 0.0389714 -0.0474831 0.9858903 -0.1557141 2415043.9909910
0.0094193 -0.4613913 -0.0384971 0.0387495 -0.0476644 0.9851532 -0.1603111 2415044.0780781
0.0113778 -0.4612087 -0.0386625 0.0385268 -0.0478446 0.9843948 -0.1649047 2415044.1651652
0.0133359 -0.4610156 -0.0388270 0.0383032 -0.0480238 0.9836148 -0.1694946 2415044.2522522
0.0152938 -0.4608121 -0.0389906 0.0380788 -0.0482020 0.9828135 -0.1740809 2415044.3393393
0.0172513 -0.4605982 -0.0391533 0.0378535 -0.0483791 0.9819908 -0.1786634 2415044.4264264
0.0192085 -0.4603739 -0.0393152 0.0376274 -0.0485551 0.9811468 -0.1832419 2415044.5135135
0.0211652 -0.4601390 -0.0394761 0.0374005 -0.0487301 0.9802813 -0.1878166 2415044.6006006
0.0231214 -0.4598938 -0.0396362 0.0371728 -0.0489040 0.9793946 -0.1923871 2415044.6876877
0.0250771 -0.4596381 -0.0397953 0.0369443 -0.0490769 0.9784866 -0.1969534 2415044.7747748
0.0270322 -0.4593719 -0.0399536 0.0367150 -0.0492487 0.9775572 -0.2015155 2415044.8618619
0.0289867 -0.4590952 -0.0401109 0.0364849 -0.0494194 0.9766066 -0.2060731 2415044.9489489
0.0309405 -0.4588081 -0.0402673 0.0362539 -0.0495890 0.9756347 -0.2106263 2415045.0360360
0.0328937 -0.4585106 -0.0404228 0.0360222 -0.0497576 0.9746416 -0.2151749 2415045.1231231
0.0348461 -0.4582025 -0.0405774 0.0357897 -0.0499251 0.9736273 -0.2197189 2415045.2102102
0.0367976 -0.4578840 -0.0407311 0.0355565 -0.0500915 0.9725919 -0.2242580 2415045.2972973
0.0387484 -0.4575550 -0.0408838 0.0353224 -0.0502568 0.9715352 -0.2287923 2415045.3843844
0.0406983 -0.4572155 -0.0410356 0.0350876 -0.0504210 0.9704574 -0.2333216 2415045.4714715
0.0426472 -0.4568656 -0.0411864 0.0348520 -0.0505841 0.9693585 -0.2378458 2415045.5585586
0.0445951 -0.4565051 -0.0413363 0.0346157 -0.0507462 0.9682385 -0.2423648 2415045.6456456
0.0465420 -0.4561342 -0.0414853 0.0343786 -0.0509071 0.9670975 -0.2468786 2415045.7327327
0.0484879 -0.4557528 -0.0416333 0.0341408 -0.0510669 0.9659354 -0.2513870 2415045.8198198
0.0504326 -0.4553609 -0.0417803 0.0339022 -0.0512256 0.9647522 -0.2558900 2415045.9069069
0.0523762 -0.4549584 -0.0419264 0.0336629 -0.0513832 0.9635481 -0.2603874 2415045.9939940
0.0543186 -0.4545455 -0.0420715 0.0334229 -0.0515396 0.9623231 -0.2648791 2415046.0810811
0.0562597 -0.4541221 -0.0422156 0.0331821 -0.0516950 0.9610770 -0.2693650 2415046.1681682
0.0581995 -0.4536882 -0.0423588 0.0329406 -0.0518492 0.9598101 -0.2738451 2415046.2552553
0.0601380 -0.4532438 -0.0425010 0.0326984 -0.0520023 0.9585223 -0.2783193 2415046.3423423
0.0620750 -0.4527889 -0.0426422 0.0324554 -0.0521542 0.9572136 -0.2827873 2415046.4294294
0.0640106 -0.4523234 -0.0427824 0.0322118 -0.0523051 0.9558841 -0.2872493 2415046.5165165
0.0659448 -0.4518475 -0.0429216 0.0319675 -0.0524547 0.9545338 -0.2917050 2415046.6036036
0.0678774 -0.4513610 -0.0430598 0.0317225 -0.0526033 0.9531627 -0.2961543 2415046.6906907
0.0698084 -0.4508641 -0.0431970 0.0314767 -0.0527507 0.9517709 -0.3005972 2415046.7777778
0.0717378 -0.4503566 -0.0433332 0.0312303 -0.0528969 0.9503584 -0.3050336 2415046.8648649
0.0736655 -0.4498386 -0.0434684 0.0309832 -0.0530420 0.9489252 -0.3094633 2415046.9519519
0.0755915 -0.4493101 -0.0436026 0.0307355 -0.0531860 0.9474714 -0.3138863 2415047.0390390
0.0775158 -0.4487711 -0.0437357 0.0304871 -0.0533288 0.9459969 -0.3183025 2415047.1261261
0.0794382 -0.4482215 -0.0438678 0.0302380 -0.0534704 0.9445018 -0.3227117 2415047.2132132
0.0813587 -0.4476615 -0.0439989 0.0299882 -0.0536109 0.9429862 -0.3271139 2415047.3003003
0.0832774 -0.4470909 -0.0441290 0.0297378 -0.0537502 0.9414501 -0.3315091 2415047.3873874
0.0851941 -0.4465098 -0.0442580 0.0294868 -0.0538883 0.9398935 -0.3358970 2415047.4744745
0.0871087 -0.4459182 -0.0443860 0.0292351 -0.0540253 0.9383164 -0.3402776 2415047.5615616
0.0890213 -0.4453160 -0.0445129 0.0289828 -0.0541611 0.9367190 -0.3446508 2415047.6486486
0.0909319 -0.4447034 -0.0446388 0.0287298 -0.0542957 0.9351011 -0.3490165 2415047.7357357
0.0928402 -0.4440802 -0.0447637 0.0284762 -0.0544291 0.9334629 -0.3533746 2415047.8228228
0.0947464 -0.4434465 -0.0448874 0.0282220 -0.0545613 0.9318044 -0.3577250 2415047.9099099
0.0966503 -0.4428023 -0.0450101 0.0279672 -0.0546924 0.9301256 -0.3620676 2415047.9969970
0.0985519 -0.4421476 -0.0451318 0.0277118 -0.0548222 0.9284266 -0.3664024 2415048.0840841
0.1004512 -0.4414824 -0.0452523 0.0274557 -0.0549509 0.9267073 -0.3707292 2415048.1711712
0.1023481 -0.4408066 -0.0453718 0.0271991 -0.0550784 0.9249679 -0.3750479 2415048.2582583
0.1042425 -0.4401203 -0.0454902 0.0269419 -0.0552047 0.9232084 -0.3793585 2415048.3453453
0.1061345 -0.4394235 -0.0456075 0.0266841 -0.0553297 0.9214288 -0.3836608 2415048.4324324
0.1080239 -0.4387162 -0.0457237 0.0264257 -0.0554536 0.9196291 -0.3879548 2415048.5195195
0.1099107 -0.4379984 -0.0458389 0.0261668 -0.0555763 0.9178094 -0.3922404 2415048.6066066
0.1117949 -0.4372701 -0.0459529 0.0259072 -0.0556977 0.9159697 -0.3965174 2415048.6936937
0.1136764 -0.4365312 -0.0460658 0.0256471 -0.0558180 0.9141101 -0.4007857 2415048.7807808
0.1155552 -0.4357819 -0.0461776 0.0253865 -0.0559370 0.9122307 -0.4050454 2415048.8678679
0.1174311 -0.4350220 -0.0462883 0.0251253 -0.0560548 0.9103313 -0.4092963 2415048.9549550
0.1193043 -0.4342517 -0.0463979 0.0248635 -0.0561714 0.9084122 -0.4135382 2415049.0420420
0.1211745 -0.4334708 -0.0465064 0.0246012 -0.0562868 0.9064733 -0.4177712 2415049.1291291
0.1230419 -0.4326794 -0.0466137 0.0243384 -0.0564009 0.9045147 -0.4219950 2415049.2162162
0.1249062 -0.4318776 -0.0467199 0.0240750 -0.0565138 0.9025363 -0.4262097 2415049.3033033
0.1267675 -0.4310652 -0.0468250 0.0238112 -0.0566255 0.9005384 -0.4304152 2415049.3903904
0.1286257 -0.4302424 -0.0469289 0.0235468 -0.0567360 0.8985208 -0.4346112 2415049.4774775
0.1304808 -0.4294090 -0.0470317 0.0232818 -0.0568452 0.8964837 -0.4387978 2415049.5645646
0.1323327 -0.4285652 -0.0471333 0.0230164 -0.0569532 0.8944271 -0.4429749 2415049.6516516
0.1341813 -0.4277109 -0.0472338 0.0227505 -0.0570599 0.8923510 -0.4471423 2415049.7387387
0.1360267 -0.4268461 -0.0473331 0.0224841 -0.0571654 0.8902555 -0.4513000 2415049.8258258
0.1378687 -0.4259708 -0.0474313 0.0222172 -0.0572697 0.8881406 -0.4554479 2415049.9129129
0.1397073 -0.4250851 -0.0475283 0.0219498 -0.0573727 0.8860064 -0.4595858 2415050.0000000
0.1415425 -0.4241889 -0.0476241 0.0216819 -0.0574745 0.8838530 -0.4637138 2415050.0870871
0.1433742 -0.4232822 -0.0477188 0.0214136 -0.0575750 0.8816803 -0.4678317 2415050.1741742
0.1452024 -0.4223650 -0.0478122 0.0211448 -0.0576742 0.8794884 -0.4719394 2415050.2612613
0.1470269 -0.4214374 -0.0479045 0.0208755 -0.0577722 0.8772773 -0.4760369 2415050.3483483
0.1488479 -0.4204994 -0.0479956 0.0206058 -0.0578690 0.8750472 -0.4801240 2415050.4354354
0.1506651 -0.4195508 -0.0480855 0.0203356 -0.0579645 0.8727980 -0.4842006 2415050.5225225
0.1524785 -0.4185919 -0.0481742 0.0200650 -0.0580587 0.8705298 -0.4882667 2415050.6096096
0.1542882 -0.4176225 -0.0482617 0.0197940 -0.0581517 0.8682427 -0.4923222 2415050.6966967
0.1560940 -0.4166426 -0.0483480 0.0195225 -0.0582434 0.8659367 -0.4963670 2415050.7837838
0.1578959 -0.4156524 -0.0484331 -0.0192506 0.0583338 -0.8636119 0.5004010 2415050.8708709
0.1596938 -0.4146517 -0.0485170 -0.0189783 0.0584230 -0.8612682 0.5044241 2415050.9579580
0.1614877 -0.4136406 -0.0485997 -0.0187055 0.0585109 -0.8589058 0.5084362 2415051.0450450
0.1632776 -0.4126190 -0.0486811 -0.0184324 0.0585975 -0.8565247 0.5124373 2415051.1321321
0.1650633 -0.4115871 -0.0487613 -0.0181588 0.0586828 -0.8541250 0.5164272 2415051.2192192
0.1668449 -0.4105447 -0.0488403 -0.0178849 0.0587669 -0.8517067 0.5204059 2415051.3063063
0.1686222 -0.4094920 -0.0489180 -0.0176106 0.0588497 -0.8492699 0.5243732 2415051.3933934
0.1703953 -0.4084289 -0.0489945 -0.0173359 0.0589312 -0.8468145 0.5283292 2415051.4804805
0.1721640 -0.4073554 -0.0490697 -0.0170608 0.0590114 -0.8443408 0.5322736 2415051.5675676
0.1739284 -0.4062715 -0.0491437 -0.0167853 0.0590904 -0.8418487 0.5362065 2415051.6546547
0.1756883 -0.4051772 -0.0492165 -0.0165095 0.0591680 -0.8393382 0.5401277 2415051.7417417
0.1774437 -0.4040726 -0.0492880 -0.0162333 0.0592444 -0.8368095 0.5440372 2415051.8288288
0.1791945 -0.4029576 -0.0493582 -0.0159568 0.0593195 -0.8342625 0.5479348 2415051.9159159
0.1809408 -0.4018323 -0.0494271 -0.0156799 0.0593933 -0.8316975 0.5518205 2415052.0030030
0.1826824 -0.4006966 -0.0494948 -0.0154026 0.0594658 -0.8291143 0.5556943 2415052.0900901
0.1844193 -0.3995506 -0.0495612 -0.0151251 0.0595370 -0.8265130 0.5595559 2415052.1771772
0.1861514 -0.3983943 -0.0496263 -0.0148472 0.0596069 -0.8238938 0.5634053 2415052.2642643
0.1878787 -0.3972276 -0.0496902 -0.0145690 0.0596755 -0.8212567 0.5672425 2415052.3513513
0.1896012 -0.3960507 -0.0497527 -0.0142904 0.0597428 -0.8186017 0.5710673 2415052.4384384
0.1913187 -0.3948634 -0.0498140 -0.0140116 0.0598088 -0.8159288 0.5748798 2415052.5255255
0.1930312 -0.3936659 -0.0498739 -0.0137324 0.0598735 -0.8132382 0.5786797 2415052.6126126
0.1947386 -0.3924580 -0.0499326 -0.0134530 0.0599369 -0.8105299 0.5824670 2415052.6996997
0.1964410 -0.3912399 -0.0499899 -0.0131732 0.0599990 -0.8078040 0.5862417 2415052.7867868
0.1981382 -0.3900116 -0.0500460 -0.0128932 0.0600598 -0.8050605 0.5900036 2415052.8738739
0.1998302 -0.3887730 -0.0501007 -0.0126129 0.0601193 -0.8022994 0.5937526 2415052.9609610
0.2015170 -0.3875241 -0.0501541 -0.0123323 0.0601775 -0.7995209 0.5974888 2415053.0480480
0.2031984 -0.3862650 -0.0502062 -0.0120515 0.0602344 -0.7967250 0.6012119 2415053.1351351
0.2048745 -0.3849957 -0.0502569 -0.0117703 0.0602899 -0.7939118 0.6049220 2415053.2222222
0.2065451 -0.3837162 -0.0503063 -0.0114890 0.0603442 -0.7910813 0.6086189 2415053.3093093
0.2082102 -0.3824264 -0.0503544 -0.0112073 0.0603971 -0.7882335 0.6123026 2415053.3963964
0.2098698 -0.3811265 -0.0504011 -0.0109255 0.0604488 -0.7853686 0.6159729 2415053.4834835
0.2115237 -0.3798164 -0.0504465 -0.0106434 0.0604991 -0.7824867 0.6196299 2415053.5705706
0.2131720 -0.3784961 -0.0504906 -0.0103610 0.0605481 -0.7795877 0.6232734 2415053.6576577
0.2148146 -0.3771657 -0.0505333 -0.0100785 0.0605957 -0.7766717 0.6269033 2415053.7447447
0.2164514 -0.3758251 -0.0505746 -0.0097957 0.0606421 -0.7737388 0.6305195 2415053.8318318
0.2180824 -0.3744744 -0.0506145 -0.0095127 0.0606871 -0.7707891 0.6341221 2415053.9189189
0.2197075 -0.3731136 -0.0506531 -0.0092295 0.0607308 -0.7678226 0.6377108 2415054.0060060
0.2213266 -0.3717427 -0.0506904 -0.0089461 0.0607732 -0.7648393 0.6412857 2415054.0930931
0.2229397 -0.3703617 -0.0507262 -0.0086625 0.0608143 -0.7618395 0.6448466 2415054.1801802
0.2245468 -0.3689706 -0.0507607 -0.0083787 0.0608541 -0.7588230 0.6483935 2415054.2672673
0.2261477 -0.3675694 -0.0507937 -0.0080947 0.0608925 -0.7557901 0.6519263 2415054.3543544
0.2277424 -0.3661582 -0.0508254 -0.0078106 0.0609296 -0.7527407 0.6554449 2415054.4414414
0.2293309 -0.3647369 -0.0508557 -0.0075263 0.0609653 -0.7496749 0.6589493 2415054.5285285
0.2309131 -0.3633056 -0.0508846 -0.0072418 0.0609998 -0.7465928 0.6624393 2415054.6156156
0.2324889 -0.3618643 -0.0509121 -0.0069571 0.0610329 -0.7434944 0.6659149 2415054.7027027
0.2340583 -0.3604130 -0.0509382 -0.0066723 0.0610647 -0.7403799 0.6693760 2415054.7897898
0.2356212 -0.3589518 -0.0509629 -0.0063874 0.0610952 -0.7372492 0.6728225 2415054.8768769
0.2371776 -0.3574805 -0.0509862 -0.0061023 0.0611243 -0.7341025 0.6762544 2415054.9639640
0.2387274 -0.3559993 -0.0510080 -0.0058171 0.0611521 -0.7309399 0.6796716 2415055.0510510
0.2402705 -0.3545082 -0.0510284 -0.0055318 0.0611786 -0.7277613 0.6830740 2415055.1381381
0.2418069 -0.3530072 -0.0510474 -0.0052463 0.0612037 -0.7245668 0.6864616 2415055.2252252
0.2433365 -0.3514962 -0.0510650 -0.0049608 0.0612275 -0.7213566 0.6898342 2415055.3123123
0.2448593 -0.3499754 -0.0510811 -0.0046751 0.0612500 -0.7181307 0.6931918 2415055.3993994
0.2463752 -0.3484447 -0.0510958 -0.0043893 0.0612711 -0.7148892 0.6965343 2415055.4864865
0.2478841 -0.3469042 -0.0511090 -0.0041034 0.0612909 -0.7116321 0.6998616 2415055.5735736
0.2493860 -0.3453538 -0.0511208 -0.0038175 0.0613094 -0.7083595 0.7031738 2415055.6606607
0.2508808 -0.3437936 -0.0511312 -0.0035314 0.0613266 -0.7050715 0.7064706 2415055.7477477
0.2523684 -0.3422237 -0.0511401 -0.0032453 0.0613424 -0.7017682 0.7097521 2415055.8348348
0.2538488 -0.3406439 -0.0511475 -0.0029591 0.0613568 -0.6984496 0.7130181 2415055.9219219
0.2553220 -0.3390544 -0.0511534 -0.0026728 0.0613700 -0.6951157 0.7162686 2415056.0090090
0.2567878 -0.3374551 -0.0511579 -0.0023865 0.0613818 -0.6917668 0.7195035 2415056.0960961
0.2582463 -0.3358462 -0.0511609 -0.0021001 0.0613922 -0.6884028 0.7227228 2415056.1831832
0.2596972 -0.3342275 -0.0511625 -0.0018137 0.0614014 -0.6850238 0.7259263 2415056.2702703
0.2611407 -0.3325991 -0.0511625 -0.0015273 0.0614092 -0.6816299 0.7291141 2415056.3573574
0.2625766 -0.3309611 -0.0511611 -0.0012408 0.0614156 -0.6782211 0.7322859 2415056.4444444
0.2640048 -0.3293135 -0.0511582 -0.0009543 0.0614207 -0.6747976 0.7354419 2415056.5315315
0.2654253 -0.3276562 -0.0511538 -0.0006677 0.0614245 -0.6713594 0.7385818 2415056.6186186
0.2668381 -0.3259894 -0.0511479 -0.0003812 0.0614270 -0.6679066 0.7417057 2415056.7057057
0.2682430 -0.3243129 -0.0511405 -0.0000946 0.0614281 -0.6644393 0.7448134 2415056.7927928
0.2696400 -0.3226270 -0.0511315 0.0001920 0.0614279 -0.6609575 0.7479050 2415056.8798799
0.2710290 -0.3209315 -0.0511211 0.0004785 0.0614263 -0.6574613 0.7509802 2415056.9669670
0.2724100 -0.3192264 -0.0511092 0.0007651 0.0614234 -0.6539508 0.7540391 2415057.0540541
0.2737830 -0.3175119 -0.0510957 0.0010516 0.0614192 -0.6504260 0.7570816 2415057.1411411
0.2751477 -0.3157880 -0.0510807 0.0013381 0.0614136 -0.6468871 0.7601077 2415057.2282282
0.2765043 -0.3140546 -0.0510642 0.0016246 0.0614067 -0.6433341 0.7631171 2415057.3153153
0.2778525 -0.3123118 -0.0510462 0.0019111 0.0613984 -0.6397671 0.7661100 2415057.4024024
0.2791925 -0.3105596 -0.0510266 0.0021975 0.0613888 -0.6361862 0.7690863 2415057.4894895
0.2805240 -0.3087981 -0.0510055 0.0024838 0.0613779 -0.6325915 0.7720457 2415057.5765766
0.2818470 -0.3070272 -0.0509828 0.0027701 0.0613657 -0.6289829 0.7749884 2415057.6636637
0.2831615 -0.3052470 -0.0509586 0.0030564 0.0613521 -0.6253607 0.7779142 2415057.7507507
0.2844673 -0.3034575 -0.0509329 0.0033426 0.0613371 -0.6217249 0.7808231 2415057.8378378
0.2857645 -0.3016588 -0.0509056 0.0036287 0.0613209 -0.6180755 0.7837150 2415057.9249249
0.2870530 -0.2998509 -0.0508767 0.0039147 0.0613033 -0.6144127 0.7865899 2415058.0120120
0.2883326 -0.2980337 -0.0508463 0.0042006 0.0612844 -0.6107365 0.7894476 2415058.0990991
0.2896034 -0.2962074 -0.0508143 0.0044865 0.0612641 -0.6070470 0.7922882 2415058.1861862
0.2908652 -0.2943719 -0.0507808 0.0047722 0.0612425 -0.6033443 0.7951115 2415058.2732733
0.2921180 -0.2925274 -0.0507456 0.0050579 0.0612196 -0.5996284 0.7979175 2415058.3603604
0.2933618 -0.2906737 -0.0507089 0.0053434 0.0611953 -0.5958996 0.8007061 2415058.4474474
0.2945964 -0.2888110 -0.0506707 0.0056289 0.0611697 -0.5921577 0.8034774 2415058.5345345
0.2958218 -0.2869392 -0.0506308 0.0059142 0.0611428 -0.5884029 0.8062311 2415058.6216216
0.2970379 -0.2850585 -0.0505893 0.0061993 0.0611145 -0.5846354 0.8089673 2415058.7087087
0.2982447 -0.2831688 -0.0505463 0.0064844 0.0610849 -0.5808551 0.8116859 2415058.7957958
0.2994421 -0.2812701 -0.0505017 0.0067693 0.0610540 -0.5770621 0.8143868 2415058.8828829
0.3006300 -0.2793626 -0.0504554 0.0070540 0.0610218 -0.5732566 0.8170700 2415058.9699700
0.3018084 -0.2774462 -0.0504076 0.0073386 0.0609882 -0.5694387 0.8197354 2415059.0570571
0.3029771 -0.2755209 -0.0503581 0.0076231 0.0609533 -0.5656083 0.8223830 2415059.1441441
0.3041362 -0.2735869 -0.0503071 0.0079073 0.0609171 -0.5617656 0.8250127 2415059.2312312
0.3052855 -0.2716441 -0.0502544 0.0081914 0.0608795 -0.5579107 0.8276245 2415059.3183183
0.3064250 -0.2696925 -0.0502002 0.0084754 0.0608407 -0.5540436 0.8302182 2415059.4054054
0.3075546 -0.2677323 -0.0501443 0.0087591 0.0608005 -0.5501645 0.8327939 2415059.4924925
0.3086743 -0.2657633 -0.0500867 0.0090426 0.0607589 -0.5462734 0.8353514 2415059.5795796
0.3097839 -0.2637858 -0.0500276 0.0093260 0.0607161 -0.5423704 0.8378908 2415059.6666667
0.3108835 -0.2617997 -0.0499668 0.0096091 0.0606719 -0.5384556 0.8404119 2415059.7537538
0.3119729 -0.2598050 -0.0499044 0.0098921 0.0606264 -0.5345291 0.8429147 2415059.8408408
0.3130520 -0.2578017 -0.0498403 0.0101748 0.0605796 -0.5305909 0.8453992 2415059.9279279
0.3141209 -0.2557900 -0.0497747 0.0104573 0.0605315 -0.5266412 0.8478653 2415060.0150150
0.3151794 -0.2537699 -0.0497073 0.0107396 0.0604821 -0.5226800 0.8503130 2415060.1021021
0.3162274 -0.2517413 -0.0496383 0.0110216 0.0604313 -0.5187075 0.8527421 2415060.1891892
0.3172650 -0.2497044 -0.0495677 0.0113034 0.0603792 -0.5147236 0.8551527 2415060.2762763
0.3182919 -0.2476592 -0.0494954 0.0115850 0.0603258 -0.5107286 0.8575447 2415060.3633634
0.3193082 -0.2456057 -0.0494215 0.0118663 0.0602711 -0.5067224 0.8599180 2415060.4504504
0.3203138 -0.2435439 -0.0493459 0.0121474 0.0602151 -0.5027052 0.8622726 2415060.5375375
0.3213086 -0.2414739 -0.0492686 0.0124281 0.0601578 -0.4986771 0.8646085 2415060.6246246
0.3222926 -0.2393958 -0.0491897 0.0127087 0.0600991 -0.4946381 0.8669255 2415060.7117117
0.3232656 -0.2373095 -0.0491091 0.0129889 0.0600392 -0.4905883 0.8692236 2415060.7987988
0.3242276 -0.2352152 -0.0490269 0.0132688 0.0599780 -0.4865278 0.8715029 2415060.8858859
0.3251785 -0.2331129 -0.0489429 0.0135485 0.0599154 -0.4824568 0.8737631 2415060.9729730
0.3261183 -0.2310025 -0.0488573 0.0138279 0.0598515 -0.4783752 0.8760044 2415061.0600601
0.3270469 -0.2288842 -0.0487700 0.0141070 0.0597864 -0.4742833 0.8782266 2415061.1471471
0.3279642 -0.2267580 -0.0486811 0.0143857 0.0597199 -0.4701810 0.8804297 2415061.2342342
0.3288702 -0.2246240 -0.0485904 0.0146642 0.0596522 -0.4660685 0.8826136 2415061.3213213
0.3297647 -0.2224821 -0.0484980 0.0149423 0.0595831 -0.4619458 0.8847783 2415061.4084084
0.3306477 -0.2203325 -0.0484040 0.0152201 0.0595127 -0.4578131 0.8869238 2415061.4954955
0.3315192 -0.2181752 -0.0483083 0.0154976 0.0594411 -0.4536704 0.8890499 2415061.5825826
0.3323790 -0.2160102 -0.0482108 0.0157747 0.0593681 -0.4495178 0.8911567 2415061.6696697
0.3332270 -0.2138376 -0.0481117 0.0160515 0.0592939 -0.4453554 0.8932442 2415061.7567568
0.3340633 -0.2116575 -0.0480109 0.0163280 0.0592184 -0.4411834 0.8953121 2415061.8438438
0.3348878 -0.2094698 -0.0479083 0.0166041 0.0591415 -0.4370017 0.8973606 2415061.9309309
0.3357003 -0.2072747 -0.0478041 0.0168798 0.0590634 -0.4328105 0.8993896 2415062.0180180
0.3365008 -0.2050721 -0.0476981 0.0171551 0.0589840 -0.4286099 0.9013990 2415062.1051051
0.3372892 -0.2028622 -0.0475905 0.0174301 0.0589034 -0.4244000 0.9033887 2415062.1921922
0.3380655 -0.2006450 -0.0474811 0.0177047 0.0588214 -0.4201808 0.9053588 2415062.2792793
0.3388296 -0.1984206 -0.0473700 0.0179790 0.0587382 -0.4159525 0.9073092 2415062.3663664
0.3395814 -0.1961889 -0.0472572 0.0182528 0.0586537 -0.4117152 0.9092399 2415062.4534534
0.3403208 -0.1939501 -0.0471427 0.0185262 0.0585679 -0.4074688 0.9111508 2415062.5405405
0.3410478 -0.1917042 -0.0470264 0.0187993 0.0584808 -0.4032136 0.9130418 2415062.6276276
0.3417622 -0.1894513 -0.0469084 0.0190719 0.0583925 -0.3989496 0.9149130 2415062.7147147
0.3424641 -0.1871914 -0.0467887 0.0193441 0.0583028 -0.3946769 0.9167643 2415062.8018018
0.3431534 -0.1849246 -0.0466673 0.0196159 0.0582120 -0.3903957 0.9185956 2415062.8888889
0.3438299 -0.1826510 -0.0465441 0.0198873 0.0581198 -0.3861059 0.9204069 2415062.9759760
0.3444936 -0.1803705 -0.0464192 0.0201582 0.0580264 -0.3818077 0.9221982 2415063.0630631
0.3451444 -0.1780833 -0.0462926 0.0204287 0.0579317 -0.3775012 0.9239694 2415063.1501501
0.3457823 -0.1757894 -0.0461642 0.0206987 0.0578358 -0.3731865 0.9257205 2415063.2372372
0.3464071 -0.1734889 -0.0460341 0.0209683 0.0577386 -0.3688637 0.9274514 2415063.3243243
0.3470189 -0.1711818 -0.0459022 0.0212375 0.0576401 -0.3645328 0.9291622 2415063.4114114
0.3476175 -0.1688683 -0.0457687 0.0215062 0.0575404 -0.3601940 0.9308527 2415063.4984985
0.3482029 -0.1665483 -0.0456333 0.0217744 0.0574395 -0.3558474 0.9325230 2415063.5855856
0.3487750 -0.1642219 -0.0454962 0.0220421 0.0573373 -0.3514930 0.9341730 2415063.6726727
0.3493337 -0.1618893 -0.0453574 0.0223094 0.0572338 -0.3471310 0.9358027 2415063.7597598
0.3498789 -0.1595504 -0.0452169 0.0225761 0.0571291 -0.3427614 0.9374120 2415063.8468468
0.3504106 -0.1572053 -0.0450745 0.0228424 0.0570232 -0.3383843 0.9390009 2415063.9339339
0.3509287 -0.1548542 -0.0449305 0.0231082 0.0569160 -0.3339998 0.9405693 2415064.0210210
0.3514331 -0.1524970 -0.0447846 0.0233735 0.0568075 -0.3296081 0.9421173 2415064.1081081
0.3519238 -0.1501338 -0.0446371 0.0236382 0.0566979 -0.3252093 0.9436448 2415064.1951952
0.3524007 -0.1477648 -0.0444878 0.0239025 0.0565870 -0.3208033 0.9451518 2415064.2822823
0.3528637 -0.1453899 -0.0443367 0.0241662 0.0564749 -0.3163903 0.9466381 2415064.3693694
0.3533127 -0.1430093 -0.0441839 0.0244295 0.0563615 -0.3119705 0.9481039 2415064.4564565
0.3537477 -0.1406230 -0.0440293 0.0246921 0.0562469 -0.3075439 0.9495490 2415064.5435435
0.3541685 -0.1382311 -0.0438729 0.0249543 0.0561311 -0.3031105 0.9509735 2415064.6306306
0.3545752 -0.1358336 -0.0437148 0.0252159 0.0560141 -0.2986706 0.9523773 2415064.7177177
0.3549677 -0.1334307 -0.0435550 0.0254769 0.0558958 -0.2942242 0.9537603 2415064.8048048
0.3553458 -0.1310224 -0.0433934 0.0257374 0.0557764 -0.2897713 0.9551226 2415064.8918919
0.3557095 -0.1286088 -0.0432300 0.0259974 0.0556557 -0.2853122 0.9564641 2415064.9789790
0.3560587 -0.1261900 -0.0430649 0.0262567 0.0555338 -0.2808468 0.9577848 2415065.0660661
0.3563935 -0.1237660 -0.0428980 0.0265155 0.0554107 -0.2763753 0.9590846 2415065.1531531
0.3567136 -0.1213369 -0.0427293 0.0267738 0.0552864 -0.2718979 0.9603635 2415065.2402402
0.3570190 -0.1189029 -0.0425589 0.0270314 0.0551609 -0.2674144 0.9616216 2415065.3273273
0.3573096 -0.1164639 -0.0423868 0.0272885 0.0550341 -0.2629252 0.9628587 2415065.4144144
0.3575855 -0.1140201 -0.0422128 0.0275449 0.0549062 -0.2584302 0.9640749 2415065.5015015
0.3578464 -0.1115716 -0.0420372 0.0278008 0.0547771 -0.2539296 0.9652701 2415065.5885886
0.3580924 -0.1091184 -0.0418597 0.0280560 0.0546468 -0.2494235 0.9664443 2415065.6756757
0.3583234 -0.1066606 -0.0416805 0.0283107 0.0545153 -0.2449120 0.9675974 2415065.7627628
0.3585392 -0.1041983 -0.0414996 0.0285647 0.0543827 -0.2403951 0.9687295 2415065.8498498
0.3587399 -0.1017316 -0.0413169 0.0288181 0.0542488 -0.2358730 0.9698405 2415065.9369369
0.3589253 -0.0992605 -0.0411324 0.0290709 0.0541138 -0.2313457 0.9709304 2415066.0240240
0.3590954 -0.0967853 -0.0409462 0.0293230 0.0539776 -0.2268134 0.9719991 2415066.1111111
0.3592501 -0.0943059 -0.0407582 0.0295745 0.0538402 -0.2222762 0.9730467 2415066.1981982
0.3593894 -0.0918224 -0.0405685 0.0298254 0.0537016 -0.2177341 0.9740731 2415066.2852853
0.3595131 -0.0893350 -0.0403770 0.0300756 0.0535619 -0.2131873 0.9750783 2415066.3723724
0.3596212 -0.0868437 -0.0401838 0.0303252 0.0534210 -0.2086358 0.9760623 2415066.4594595
0.3597137 -0.0843486 -0.0399888 0.0305741 0.0532789 -0.2040798 0.9770251 2415066.5465465
0.3597905 -0.0818498 -0.0397921 0.0308223 0.0531357 -0.1995194 0.9779666 2415066.6336336
0.3598514 -0.0793474 -0.0395936 0.0310699 0.0529913 -0.1949546 0.9788868 2415066.7207207
0.3598965 -0.0768416 -0.0393934 0.0313168 0.0528458 -0.1903855 0.9797857 2415066.8078078
0.3599257 -0.0743323 -0.0391914 0.0315630 0.0526991 -0.1858123 0.9806632 2415066.8948949
0.3599389 -0.0718197 -0.0389877 0.0318085 0.0525513 -0.1812351 0.9815194 2415066.9819820
0.3599360 -0.0693040 -0.0387822 0.0320533 0.0524023 -0.1766539 0.9823543 2415067.0690691
0.3599169 -0.0667851 -0.0385750 0.0322975 0.0522522 -0.1720689 0.9831678 2415067.1561562
0.3598817 -0.0642632 -0.0383661 0.0325409 0.0521009 -0.1674801 0.9839599 2415067.2432432
0.3598302 -0.0617384 -0.0381555 0.0327836 0.0519485 -0.1628877 0.9847305 2415067.3303303
0.3597624 -0.0592108 -0.0379431 0.0330256 0.0517950 -0.1582917 0.9854797 2415067.4174174
0.3596782 -0.0566805 -0.0377290 0.0332669 0.0516404 -0.1536923 0.9862075 2415067.5045045
0.3595775 -0.0541476 -0.0375131 0.0335075 0.0514846 -0.1490896 0.9869138 2415067.5915916
0.3594603 -0.0516122 -0.0372955 0.0337473 0.0513277 -0.1444836 0.9875986 2415067.6786787
0.3593266 -0.0490745 -0.0370763 0.0339864 0.0511697 -0.1398744 0.9882620 2415067.7657658
0.3591762 -0.0465345 -0.0368553 0.0342247 0.0510106 -0.1352622 0.9889038 2415067.8528528
0.3590090 -0.0439923 -0.0366325 0.0344624 0.0508504 -0.1306470 0.9895241 2415067.9399399
0.3588252 -0.0414480 -0.0364081 0.0346992 0.0506890 -0.1260291 0.9901229 2415068.0270270
0.3586244 -0.0389018 -0.0361820 0.0349353 0.0505266 -0.1214083 0.9907001 2415068.1141141
0.3584068 -0.0363538 -0.0359541 0.0351707 0.0503631 -0.1167849 0.9912557 2415068.2012012
0.3581723 -0.0338041 -0.0357246 0.0354053 0.0501984 -0.1121590 0.9917898 2415068.2882883
0.3579207 -0.0312527 -0.0354934 0.0356391 0.0500327 -0.1075306 0.9923022 2415068.3753754
0.3576521 -0.0286999 -0.0352604 0.0358721 0.0498659 -0.1028999 0.9927931 2415068.4624625
0.3573663 -0.0261457 -0.0350258 0.0361044 0.0496980 -0.0982670 0.9932624 2415068.5495495
0.3570634 -0.0235902 -0.0347895 0.0363359 0.0495290 -0.0936319 0.9937100 2415068.6366366
0.3567432 -0.0210336 -0.0345515 0.0365665 0.0493589 -0.0889947 0.9941361 2415068.7237237
0.3564057 -0.0184760 -0.0343119 0.0367964 0.0491878 -0.0843556 0.9945405 2415068.8108108
0.3560508 -0.0159174 -0.0340705 0.0370255 0.0490156 -0.0797147 0.9949232 2415068.8978979
0.3556786 -0.0133581 -0.0338275 0.0372538 0.0488423 -0.0750721 0.9952843 2415068.9849850
0.3552888 -0.0107982 -0.0335829 0.0374812 0.0486680 -0.0704278 0.9956237 2415069.0720721
0.3548816 -0.0082377 -0.0333366 0.0377079 0.0484926 -0.0657820 0.9959414 2415069.1591592
0.3544568 -0.0056768 -0.0330886 0.0379337 0.0483161 -0.0611347 0.9962375 2415069.2462462
0.3540143 -0.0031156 -0.0328390 0.0381587 0.0481386 -0.0564861 0.9965119 2415069.3333333
0.3535542 -0.0005543 -0.0325877 0.0383829 0.0479601 -0.0518363 0.9967646 2415069.4204204
0.3530764 0.0020071 -0.0323349 0.0386062 0.0477805 -0.0471854 0.9969955 2415069.5075075
0.3525808 0.0045684 -0.0320803 0.0388287 0.0475998 -0.0425334 0.9972048 2415069.5945946
0.3520673 0.0071294 -0.0318242 0.0390504 0.0474182 -0.0378805 0.9973924 2415069.6816817
0.3515360 0.0096901 -0.0315665 0.0392712 0.0472355 -0.0332268 0.9975583 2415069.7687688
0.3509867 0.0122503 -0.0313071 0.0394912 0.0470517 -0.0285723 0.9977025 2415069.8558559
0.3504195 0.0148098 -0.0310461 0.0397102 0.0468670 -0.0239172 0.9978249 2415069.9429429
0.3498343 0.0173686 -0.0307836 0.0399285 0.0466812 -0.0192616 0.9979256 2415070.0300300
0.3492310 0.0199265 -0.0305194 0.0401458 0.0464944 -0.0146056 0.9980046 2415070.1171171
0.3486096 0.0224833 -0.0302537 0.0403623 0.0463066 -0.0099493 0.9980619 2415070.2042042
0.3479701 0.0250390 -0.0299864 0.0405779 0.0461178 -0.0052927 0.9980975 2415070.2912913
0.3473123 0.0275934 -0.0297175 0.0407926 0.0459280 -0.0006361 0.9981113 2415070.3783784
0.3466364 0.0301463 -0.0294471 0.0410065 0.0457371 0.0040206 0.9981034 2415070.4654655
0.3459421 0.0326977 -0.0291751 0.0412194 0.0455453 0.0086772 0.9980738 2415070.5525525
0.3452296 0.0352473 -0.0289016 0.0414314 0.0453525 0.0133336 0.9980224 2415070.6396396
0.3444987 0.0377950 -0.0286265 0.0416426 0.0451587 0.0179898 0.9979494 2415070.7267267
0.3437494 0.0403408 -0.0283500 0.0418528 0.0449640 0.0226455 0.9978546 2415070.8138138
0.3429817 0.0428843 -0.0280718 0.0420621 0.0447682 0.0273007 0.9977381 2415070.9009009
0.3421956 0.0454256 -0.0277922 0.0422706 0.0445715 0.0319554 0.9975998 2415070.9879880
0.3413909 0.0479644 -0.0275111 0.0424780 0.0443738 0.0366093 0.9974399 2415071.0750751
0.3405677 0.0505006 -0.0272285 0.0426846 0.0441751 0.0412625 0.9972582 2415071.1621622
0.3397260 0.0530340 -0.0269444 0.0428902 0.0439755 0.0459148 0.9970549 2415071.2492492
0.3388657 0.0555646 -0.0266588 0.0430949 0.0437749 0.0505660 0.9968298 2415071.3363363
0.3379868 0.0580920 -0.0263718 0.0432987 0.0435734 0.0552162 0.9965830 2415071.4234234
0.3370892 0.0606163 -0.0260833 0.0435015 0.0433709 0.0598652 0.9963146 2415071.5105105
0.3361730 0.0631373 -0.0257934 0.0437034 0.0431674 0.0645128 0.9960244 2415071.5975976
0.3352381 0.0656547 -0.0255020 0.0439043 0.0429631 0.0691591 0.9957126 2415071.6846847
0.3342844 0.0681684 -0.0252092 0.0441043 0.0427578 0.0738038 0.9953791 2415071.7717718
0.3333121 0.0706784 -0.0249150 0.0443033 0.0425515 0.0784470 0.9950239 2415071.8588589
0.3323209 0.0731843 -0.0246194 0.0445013 0.0423444 0.0830884 0.9946471 2415071.9459459
0.3313110 0.0756861 -0.0243224 0.0446984 0.0421363 0.0877280 0.9942486 2415072.0330330
0.3302823 0.0781837 -0.0240240 0.0448945 0.0419273 0.0923658 0.9938285 2415072.1201201
0.3292348 0.0806767 -0.0237242 0.0450896 0.0417174 0.0970015 0.9933868 2415072.2072072
0.3281684 0.0831652 -0.0234231 0.0452838 0.0415066 0.1016351 0.9929234 2415072.2942943
0.3270832 0.0856489 -0.0231207 0.0454769 0.0412948 0.1062665 0.9924384 2415072.3813814
0.3259791 0.0881276 -0.0228169 0.0456691 0.0410822 0.1108956 0.9919318 2415072.4684685
0.3248562 0.0906012 -0.0225118 0.0458603 0.0408687 0.1155222 0.9914037 2415072.5555556
0.3237144 0.0930696 -0.0222054 0.0460504 0.0406543 0.1201464 0.9908539 2415072.6426426
0.3225537 0.0955325 -0.0218977 0.0462396 0.0404390 0.1247679 0.9902826 2415072.7297297
0.3213741 0.0979899 -0.0215887 0.0464278 0.0402228 0.1293867 0.9896897 2415072.8168168
0.3201756 0.1004415 -0.0212784 0.0466149 0.0400058 0.1340027 0.9890753 2415072.9039039
0.3189582 0.1028871 -0.0209669 0.0468011 0.0397879 0.1386158 0.9884393 2415072.9909910
0.3177219 0.1053267 -0.0206542 0.0469862 0.0395691 0.1432259 0.9877818 2415073.0780781
0.3164667 0.1077600 -0.0203402 0.0471703 0.0393494 0.1478328 0.9871028 2415073.1651652
0.3151926 0.1101868 -0.0200250 0.0473534 0.0391289 0.1524366 0.9864024 2415073.2522522
0.3138995 0.1126071 -0.0197086 0.0475354 0.0389076 0.1570370 0.9856805 2415073.3393393
0.3125876 0.1150205 -0.0193910 0.0477164 0.0386854 0.1616340 0.9849371 2415073.4264264
0.3112568 0.1174270 -0.0190722 0.0478964 0.0384623 0.1662275 0.9841722 2415073.5135135
0.3099072 0.1198264 -0.0187523 0.0480753 0.0382384 0.1708174 0.9833860 2415073.6006006
0.3085386 0.1222185 -0.0184312 0.0482532 0.0380137 0.1754035 0.9825783 2415073.6876877
0.3071512 0.1246032 -0.0181090 0.0484300 0.0377882 0.1799858 0.9817493 2415073.7747748
0.3057450 0.1269801 -0.0177857 0.0486058 0.0375618 0.1845643 0.9808989 2415073.8618619
0.3043199 0.1293493 -0.0174613 0.0487805 0.0373347 0.1891386 0.9800271 2415073.9489489
0.3028760 0.1317105 -0.0171359 0.0489542 0.0371067 0.1937089 0.9791340 2415074.0360360
0.3014133 0.1340635 -0.0168093 0.0491268 0.0368779 0.1982750 0.9782196 2415074.1231231
0.2999319 0.1364081 -0.0164818 0.0492983 0.0366483 0.2028367 0.9772839 2415074.2102102
0.2984317 0.1387442 -0.0161531 0.0494687 0.0364179 0.2073941 0.9763269 2415074.2972973
0.2969128 0.1410716 -0.0158235 0.0496381 0.0361867 0.2119469 0.9753487 2415074.3843844
0.2953752 0.1433902 -0.0154929 0.0498064 0.0359547 0.2164951 0.9743492 2415074.4714715
0.2938189 0.1456997 -0.0151613 0.0499736 0.0357219 0.2210386 0.9733286 2415074.5585586
0.2922440 0.1479999 -0.0148287 0.0501397 0.0354884 0.2255773 0.9722867 2415074.6456456
0.2906505 0.1502907 -0.0144952 0.0503047 0.0352541 0.2301110 0.9712237 2415074.7327327
0.2890384 0.1525719 -0.0141608 0.0504687 0.0350190 0.2346398 0.9701395 2415074.8198198
0.2874078 0.1548433 -0.0138254 0.0506315 0.0347831 0.2391635 0.9690343 2415074.9069069
0.2857587 0.1571048 -0.0134892 0.0507932 0.0345465 0.2436819 0.9679079 2415074.9939940
0.2840912 0.1593562 -0.0131521 0.0509539 0.0343092 0.2481951 0.9667605 2415075.0810811
0.2824052 0.1615972 -0.0128142 0.0511134 0.0340711 0.2527028 0.9655920 2415075.1681682
0.2807009 0.1638277 -0.0124754 0.0512718 0.0338322 0.2572050 0.9644025 2415075.2552553
0.2789783 0.1660475 -0.0121358 0.0514291 0.0335927 0.2617017 0.9631920 2415075.3423423
0.2772375 0.1682564 -0.0117954 0.0515852 0.0333523 0.2661926 0.9619605 2415075.4294294
0.2754784 0.1704543 -0.0114542 0.0517403 0.0331113 0.2706778 0.9607081 2415075.5165165
0.2737012 0.1726410 -0.0111123 0.0518942 0.0328696 0.2751571 0.9594348 2415075.6036036
0.2719059 0.1748163 -0.0107696 0.0520470 0.0326271 0.2796303 0.9581406 2415075.6906907
0.2700925 0.1769799 -0.0104263 0.0521986 0.0323839 0.2840975 0.9568256 2415075.7777778
0.2682612 0.1791318 -0.0100822 0.0523492 0.0321400 0.2885585 0.9554897 2415075.8648649
0.2664120 0.1812717 -0.0097375 0.0524985 0.0318954 0.2930132 0.9541330 2415075.9519519
0.2645449 0.1833995 -0.0093921 0.0526468 0.0316501 0.2974616 0.9527556 2415076.0390390
0.2626601 0.1855150 -0.0090460 0.0527939 0.0314042 0.3019034 0.9513574 2415076.1261261
0.2607575 0.1876179 -0.0086994 0.0529398 0.0311575 0.3063387 0.9499385 2415076.2132132
0.2588373 0.1897082 -0.0083522 0.0530846 0.0309102 0.3107674 0.9484989 2415076.3003003
0.2568995 0.1917856 -0.0080044 0.0532282 0.0306622 0.3151892 0.9470387 2415076.3873874
0.2549443 0.1938499 -0.0076561 0.0533707 0.0304135 0.3196042 0.9455579 2415076.4744745
0.2529717 0.1959011 -0.0073072 0.0535120 0.0301642 0.3240123 0.9440565 2415076.5615616
0.2509817 0.1979388 -0.0069579 0.0536522 0.0299142 0.3284133 0.9425345 2415076.6486486
0.2489745 0.1999629 -0.0066080 0.0537912 0.0296636 0.3328071 0.9409920 2415076.7357357
0.2469502 0.2019732 -0.0062578 0.0539290 0.0294123 0.3371937 0.9394291 2415076.8228228
0.2449088 0.2039696 -0.0059070 0.0540656 0.0291603 0.3415730 0.9378457 2415076.9099099
0.2428505 0.2059518 -0.0055559 0.0542011 0.0289078 0.3459448 0.9362418 2415076.9969970
0.2407752 0.2079198 -0.0052044 0.0543353 0.0286546 0.3503091 0.9346176 2415077.0840841
0.2386832 0.2098732 -0.0048525 0.0544684 0.0284008 0.3546658 0.9329731 2415077.1711712
0.2365745 0.2118120 -0.0045003 0.0546004 0.0281463 0.3590147 0.9313082 2415077.2582583
0.2344492 0.2137360 -0.0041478 0.0547311 0.0278913 0.3633558 0.9296231 2415077.3453453
0.2323075 0.2156449 -0.0037949 0.0548606 0.0276356 0.3676891 0.9279177 2415077.4324324
0.2301494 0.2175387 -0.0034419 0.0549889 0.0273794 0.3720143 0.9261922 2415077.5195195
0.2279750 0.2194170 -0.0030885 0.0551161 0.0271225 0.3763314 0.9244465 2415077.6066066
0.2257845 0.2212798 -0.0027350 0.0552420 0.0268651 0.3806403 0.9226806 2415077.6936937
0.2235780 0.2231270 -0.0023812 0.0553668 0.0266071 0.3849410 0.9208947 2415077.7807808
0.2213555 0.2249582 -0.0020273 0.0554903 0.0263485 0.3892332 0.9190887 2415077.8678679
0.2191172 0.2267733 -0.0016732 0.0556126 0.0260893 0.3935170 0.9172627 2415077.9549550
0.2168633 0.2285723 -0.0013191 0.0557337 0.0258295 0.3977923 0.9154168 2415078.0420420
0.2145938 0.2303548 -0.0009648 0.0558536 0.0255692 0.4020588 0.9135509 2415078.1291291
0.2123088 0.2321208 -0.0006104 0.0559723 0.0253084 0.4063166 0.9116652 2415078.2162162
0.2100086 0.2338700 -0.0002561 0.0560898 0.0250469 0.4105656 0.9097596 2415078.3033033
0.2076931 0.2356024 0.0000983 0.0562060 0.0247850 0.4148056 0.9078342 2415078.3903904
0.2053627 0.2373176 0.0004527 0.0563211 0.0245225 0.4190366 0.9058890 2415078.4774775
0.2030173 0.2390157 0.0008071 0.0564349 0.0242594 0.4232585 0.9039241 2415078.5645646
0.2006571 0.2406963 0.0011614 0.0565474 0.0239959 0.4274712 0.9019396 2415078.6516516
0.1982823 0.2423594 0.0015156 0.0566588 0.0237318 0.4316746 0.8999354 2415078.7387387
0.1958930 0.2440048 0.0018698 0.0567689 0.0234672 0.4358685 0.8979116 2415078.8258258
0.1934894 0.2456323 0.0022237 0.0568777 0.0232021 0.4400530 0.8958683 2415078.9129129
0.1910716 0.2472417 0.0025775 0.0569854 0.0229365 0.4442279 0.8938054 2415079.0000000
0.1886397 0.2488330 0.0029312 0.0570918 0.0226704 0.4483931 0.8917231 2415079.0870871
0.1861939 0.2504060 0.0032846 0.0571969 0.0224037 0.4525486 0.8896215 2415079.1741742
0.1837344 0.2519604 0.0036377 0.0573008 0.0221366 0.4566942 0.8875004 2415079.2612613
0.1812612 0.2534962 0.0039906 0.0574035 0.0218691 0.4608299 0.8853600 2415079.3483483
0.1787746 0.2550133 0.0043432 0.0575049 0.0216010 0.4649556 0.8832004 2415079.4354354
0.1762748 0.2565113 0.0046955 0.0576050 0.0213325 0.4690711 0.8810215 2415079.5225225
0.1737618 0.2579903 0.0050474 0.0577039 0.0210635 0.4731764 0.8788235 2415079.6096096
0.1712359 0.2594501 0.0053990 0.0578016 0.0207941 0.4772714 0.8766063 2415079.6966967
0.1686972 0.2608905 0.0057501 0.0578980 0.0205241 0.4813561 0.8743700 2415079.7837838
0.1661459 0.2623114 0.0061009 0.0579931 0.0202538 0.4854302 0.8721147 2415079.8708709
0.1635821 0.2637126 0.0064511 0.0580869 0.0199830 0.4894938 0.8698405 2415079.9579580
0.1610060 0.2650940 0.0068009 0.0581795 0.0197118 0.4935467 0.8675472 2415080.0450450
0.1584179 0.2664555 0.0071502 0.0582709 0.0194401 0.4975889 0.8652352 2415080.1321321
0.1558178 0.2677970 0.0074989 0.0583609 0.0191681 0.5016202 0.8629042 2415080.2192192
0.1532060 0.2691182 0.0078470 0.0584497 0.0188956 0.5056407 0.8605545 2415080.3063063
0.1505826 0.2704191 0.0081946 0.0585373 0.0186227 0.5096501 0.8581861 2415080.3933934
0.1479478 0.2716996 0.0085416 0.0586235 0.0183494 0.5136484 0.8557990 2415080.4804805
0.1453018 0.2729596 0.0088879 0.0587085 0.0180756 0.5176356 0.8533932 2415080.5675676
0.1426449 0.2741988 0.0092335 0.0587922 0.0178015 0.5216115 0.8509689 2415080.6546547
0.1399770 0.2754172 0.0095784 0.0588746 0.0175271 0.5255760 0.8485260 2415080.7417417
0.1372986 0.2766147 0.0099226 0.0589557 0.0172522 0.5295291 0.8460647 2415080.8288288
0.1346097 0.2777911 0.0102661 0.0590356 0.0169769 0.5334707 0.8435850 2415080.9159159
0.1319105 0.2789464 0.0106087 0.0591141 0.0167013 0.5374006 0.8410869 2415081.0030030
0.1292013 0.2800804 0.0109506 0.0591914 0.0164253 0.5413189 0.8385705 2415081.0900901
0.1264822 0.2811931 0.0112916 0.0592674 0.0161490 0.5452253 0.8360358 2415081.1771772
0.1237535 0.2822842 0.0116318 0.0593421 0.0158723 0.5491200 0.8334830 2415081.2642643
0.1210153 0.2833538 0.0119710 0.0594155 0.0155953 0.5530026 0.8309120 2415081.3513513
0.1182678 0.2844016 0.0123094 0.0594876 0.0153179 0.5568732 0.8283229 2415081.4384384
0.1155113 0.2854277 0.0126468 0.0595584 0.0150402 0.5607317 0.8257158 2415081.5255255
0.1127459 0.2864319 0.0129832 0.0596279 0.0147622 0.5645780 0.8230907 2415081.6126126
0.1099718 0.2874141 0.0133187 0.0596962 0.0144838 0.5684120 0.8204477 2415081.6996997
0.1071894 0.2883742 0.0136531 0.0597631 0.0142051 0.5722336 0.8177868 2415081.7867868
0.1043986 0.2893122 0.0139864 0.0598287 0.0139262 0.5760428 0.8151082 2415081.8738739
0.1015999 0.2902280 0.0143187 0.0598930 0.0136469 0.5798394 0.8124117 2415081.9609610
0.0987933 0.2911214 0.0146499 0.0599561 0.0133673 0.5836234 0.8096977 2415082.0480480
0.0959791 0.2919924 0.0149800 0.0600178 0.0130874 0.5873947 0.8069659 2415082.1351351
0.0931576 0.2928409 0.0153089 0.0600782 0.0128073 0.5911532 0.8042167 2415082.2222222
0.0903288 0.2936668 0.0156366 0.0601373 0.0125268 0.5948989 0.8014499 2415082.3093093
0.0874931 0.2944701 0.0159632 0.0601951 0.0122461 0.5986316 0.7986656 2415082.3963964
0.0846507 0.2952507 0.0162885 0.0602515 0.0119651 0.6023513 0.7958640 2415082.4834835
0.0818017 0.2960085 0.0166125 0.0603067 0.0116839 0.6060578 0.7930451 2415082.5705706
0.0789464 0.2967435 0.0169353 0.0603606 0.0114024 0.6097512 0.7902089 2415082.6576577
0.0760851 0.2974556 0.0172567 0.0604131 0.0111207 0.6134313 0.7873555 2415082.7447447
0.0732178 0.2981448 0.0175768 0.0604643 0.0108387 0.6170980 0.7844849 2415082.8318318
0.0703449 0.2988109 0.0178956 0.0605142 0.0105565 0.6207513 0.7815973 2415082.9189189
0.0674666 0.2994540 0.0182130 0.0605628 0.0102740 0.6243911 0.7786927 2415083.0060060
0.0645830 0.3000740 0.0185289 0.0606101 0.0099914 0.6280173 0.7757711 2415083.0930931
0.0616945 0.3006708 0.0188435 0.0606561 0.0097085 0.6316299 0.7728326 2415083.1801802
0.0588012 0.3012443 0.0191566 0.0607007 0.0094254 0.6352287 0.7698774 2415083.2672673
0.0559034 0.3017947 0.0194682 0.0607440 0.0091421 0.6388136 0.7669053 2415083.3543544
0.0530013 0.3023218 0.0197783 0.0607860 0.0088586 0.6423847 0.7639166 2415083.4414414
0.0500950 0.3028255 0.0200869 0.0608267 0.0085749 0.6459417 0.7609112 2415083.5285285
0.0471850 0.3033059 0.0203939 0.0608660 0.0082910 0.6494847 0.7578893 2415083.6156156
0.0442712 0.3037629 0.0206994 0.0609040 0.0080069 0.6530136 0.7548508 2415083.7027027
0.0413541 0.3041965 0.0210032 0.0609407 0.0077227 0.6565283 0.7517960 2415083.7897898
0.0384338 0.3046067 0.0213055 0.0609761 0.0074383 0.6600286 0.7487248 2415083.8768769
0.0355105 0.3049934 0.0216061 0.0610101 0.0071537 0.6635147 0.7456372 2415083.9639640
0.0325845 0.3053567 0.0219051 0.0610429 0.0068690 0.6669862 0.7425335 2415084.0510510
0.0296560 0.3056964 0.0222023 0.0610742 0.0065841 0.6704433 0.7394136 2415084.1381381
0.0267252 0.3060127 0.0224979 0.0611043 0.0062991 0.6738857 0.7362776 2415084.2252252
0.0237923 0.3063055 0.0227917 0.0611330 0.0060140 0.6773135 0.7331255 2415084.3123123
0.0208576 0.3065748 0.0230838 0.0611604 0.0057287 0.6807265 0.7299575 2415084.3993994
0.0179214 0.3068205 0.0233741 0.0611865 0.0054433 0.6841247 0.7267736 2415084.4864865
0.0149837 0.3070427 0.0236626 0.0612112 0.0051578 0.6875081 0.7235739 2415084.5735736
0.0120449 0.3072415 0.0239493 0.0612346 0.0048721 0.6908764 0.7203585 2415084.6606607
0.0091052 0.3074167 0.0242342 0.0612567 0.0045864 0.6942297 0.7171274 2415084.7477477
0.0061648 0.3075684 0.0245172 0.0612774 0.0043005 0.6975680 0.7138806 2415084.8348348
0.0032239 0.3076966 0.0247984 0.0612968 0.0040146 0.7008910 0.7106183 2415084.9219219
0.0002828 0.3078014 0.0250776 0.0613149 0.0037286 0.7041988 0.7073406 2415085.0090090
-0.0026584 0.3078827 0.0253550 0.0613316 0.0034425 0.7074912 0.7040474 2415085.0960961
-0.0055993 0.3079406 0.0256304 0.0613470 0.0031563 0.7107682 0.7007390 2415085.1831832
-0.0085399 0.3079751 0.0259039 0.0613610 0.0028700 0.7140298 0.6974152 2415085.2702703
-0.0114797 0.3079861 0.0261754 0.0613738 0.0025837 0.7172759 0.6940763 2415085.3573574
-0.0144187 0.3079739 0.0264449 0.0613851 0.0022974 0.7205063 0.6907223 2415085.4444444
-0.0173566 0.3079383 0.0267124 0.0613952 0.0020109 0.7237210 0.6873533 2415085.5315315
-0.0202933 0.3078794 0.0269779 0.0614039 0.0017245 0.7269200 0.6839692 2415085.6186186
-0.0232283 0.3077972 0.0272413 0.0614113 0.0014380 0.7301031 0.6805703 2415085.7057057
-0.0261616 0.3076918 0.0275027 0.0614173 0.0011514 0.7332704 0.6771566 2415085.7927928
-0.0290930 0.3075633 0.0277621 0.0614220 0.0008649 0.7364217 0.6737282 2415085.8798799
-0.0320221 0.3074116 0.0280193 0.0614254 0.0005783 0.7395570 0.6702851 2415085.9669670
-0.0349489 0.3072369 0.0282744 0.0614274 0.0002917 0.7426762 0.6668273 2415086.0540541
-0.0378730 0.3070391 0.0285275 0.0614281 0.0000051 0.7457792 0.6633551 2415086.1411411
-0.0407943 0.3068184 0.0287783 0.0614275 -0.0002815 0.7488660 0.6598684 2415086.2282282
-0.0437126 0.3065747 0.0290271 0.0614255 -0.0005681 0.7519364 0.6563674 2415086.3153153
-0.0466276 0.3063081 0.0292736 0.0614222 -0.0008546 0.7549905 0.6528521 2415086.4024024
-0.0495391 0.3060188 0.0295180 0.0614175 -0.0011412 0.7580282 0.6493226 2415086.4894895
-0.0524469 0.3057067 0.0297602 0.0614115 -0.0014277 0.7610494 0.6457789 2415086.5765766
-0.0553509 0.3053719 0.0300002 0.0614042 -0.0017142 0.7640540 0.6422212 2415086.6636637
-0.0582507 0.3050145 0.0302380 0.0613955 -0.0020007 0.7670420 0.6386495 2415086.7507507
-0.0611463 0.3046346 0.0304735 0.0613855 -0.0022871 0.7700133 0.6350639 2415086.8378378
-0.0640373 0.3042322 0.0307068 0.0613742 -0.0025735 0.7729678 0.6314645 2415086.9249249
-0.0669236 0.3038074 0.0309378 0.0613615 -0.0028598 0.7759055 0.6278513 2415087.0120120
-0.0698050 0.3033603 0.0311666 0.0613475 -0.0031460 0.7788263 0.6242245 2415087.0990991
-0.0726813 0.3028910 0.0313930 0.0613321 -0.0034322 0.7817301 0.6205840 2415087.1861862
-0.0755523 0.3023995 0.0316172 0.0613155 -0.0037183 0.7846170 0.6169301 2415087.2732733
-0.0784178 0.3018860 0.0318391 0.0612975 -0.0040044 0.7874867 0.6132628 2415087.3603604
-0.0812775 0.3013504 0.0320586 0.0612781 -0.0042903 0.7903394 0.6095820 2415087.4474474
-0.0841314 0.3007930 0.0322758 0.0612574 -0.0045762 0.7931748 0.6058881 2415087.5345345
-0.0869791 0.3002138 0.0324907 0.0612354 -0.0048619 0.7959929 0.6021809 2415087.6216216
-0.0898206 0.2996128 0.0327032 0.0612121 -0.0051475 0.7987938 0.5984606 2415087.7087087
-0.0926555 0.2989903 0.0329134 0.0611874 -0.0054331 0.8015772 0.5947273 2415087.7957958
-0.0954838 0.2983462 0.0331212 0.0611614 -0.0057185 0.8043432 0.5909811 2415087.8828829
-0.0983053 0.2976807 0.0333266 0.0611340 -0.0060038 0.8070917 0.5872220 2415087.9699700
-0.1011197 0.2969938 0.0335297 0.0611053 -0.0062889 0.8098226 0.5834501 2415088.0570571
-0.1039269 0.2962858 0.0337303 0.0610753 -0.0065739 0.8125359 0.5796655 2415088.1441441
-0.1067267 0.2955566 0.0339285 0.0610440 -0.0068588 0.8152315 0.5758683 2415088.2312312
-0.1095189 0.2948065 0.0341243 0.0610113 -0.0071436 0.8179093 0.5720585 2415088.3183183
-0.1123033 0.2940354 0.0343177 0.0609773 -0.0074281 0.8205694 0.5682363 2415088.4054054
-0.1150798 0.2932435 0.0345087 0.0609420 -0.0077125 0.8232116 0.5644017 2415088.4924925
-0.1178482 0.2924310 0.0346973 0.0609054 -0.0079968 0.8258358 0.5605549 2415088.5795796
-0.1206082 0.2915979 0.0348834 0.0608674 -0.0082808 0.8284421 0.5566958 2415088.6666667
-0.1233599 0.2907443 0.0350670 0.0608281 -0.0085647 0.8310304 0.5528247 2415088.7537538
-0.1261029 0.2898704 0.0352482 0.0607875 -0.0088484 0.8336006 0.5489414 2415088.8408408
-0.1288371 0.2889763 0.0354270 0.0607455 -0.0091319 0.8361526 0.5450463 2415088.9279279
-0.1315623 0.2880621 0.0356033 0.0607023 -0.0094153 0.8386864 0.5411393 2415089.0150150
-0.1342784 0.2871279 0.0357771 0.0606577 -0.0096984 0.8412020 0.5372205 2415089.1021021
-0.1369853 0.2861739 0.0359484 0.0606118 -0.0099813 0.8436992 0.5332900 2415089.1891892
-0.1396827 0.2852002 0.0361173 0.0605645 -0.0102639 0.8461781 0.5293479 2415089.2762763
-0.1423705 0.2842068 0.0362836 0.0605160 -0.0105464 0.8486386 0.5253942 2415089.3633634
-0.1450485 0.2831940 0.0364475 0.0604661 -0.0108286 0.8510806 0.5214292 2415089.4504504
-0.1477166 0.2821618 0.0366089 0.0604150 -0.0111106 0.8535041 0.5174528 2415089.5375375
-0.1503747 0.2811104 0.0367678 0.0603625 -0.0113924 0.8559090 0.5134651 2415089.6246246
-0.1530226 0.2800399 0.0369243 0.0603087 -0.0116738 0.8582953 0.5094662 2415089.7117117
-0.1556601 0.2789504 0.0370782 0.0602535 -0.0119551 0.8606628 0.5054563 2415089.7987988
-0.1582870 0.2778421 0.0372296 0.0601971 -0.0122361 0.8630117 0.5014353 2415089.8858859
-0.1609034 0.2767152 0.0373785 0.0601394 -0.0125168 0.8653418 0.4974035 2415089.9729730
-0.1635090 0.2755697 0.0375249 0.0600803 -0.0127972 0.8676530 0.4933608 2415090.0600601
-0.1661036 0.2744057 0.0376688 0.0600199 -0.0130774 0.8699453 0.4893074 2415090.1471471
-0.1686871 0.2732235 0.0378102 0.0599583 -0.0133573 0.8722187 0.4852433 2415090.2342342
-0.1712595 0.2720231 0.0379490 0.0598953 -0.0136369 0.8744732 0.4811687 2415090.3213213
-0.1738205 0.2708048 0.0380854 0.0598310 -0.0139162 0.8767085 0.4770835 2415090.4084084
-0.1763701 0.2695686 0.0382192 0.0597655 -0.0141952 0.8789249 0.4729880 2415090.4954955
-0.1789081 0.2683146 0.0383506 0.0596986 -0.0144739 0.8811220 0.4688823 2415090.5825826
-0.1814343 0.2670431 0.0384794 0.0596304 -0.0147522 0.8833000 0.4647663 2415090.6696697
-0.1839487 0.2657541 0.0386057 0.0595609 -0.0150303 0.8854588 0.4606401 2415090.7567568
-0.1864511 0.2644479 0.0387295 0.0594901 -0.0153080 0.8875983 0.4565040 2415090.8438438
-0.1889415 0.2631245 0.0388508 0.0594181 -0.0155854 0.8897184 0.4523579 2415090.9309309
-0.1914196 0.2617841 0.0389696 0.0593447 -0.0158624 0.8918192 0.4482020 2415091.0180180
-0.1938854 0.2604268 0.0390858 0.0592701 -0.0161391 0.8939006 0.4440363 2415091.1051051
-0.1963388 0.2590528 0.0391996 0.0591941 -0.0164155 0.8959626 0.4398610 2415091.1921922
-0.1987796 0.2576623 0.0393108 0.0591169 -0.0166915 0.8980050 0.4356760 2415091.2792793
-0.2012077 0.2562553 0.0394196 0.0590384 -0.0169671 0.9000279 0.4314816 2415091.3663664
-0.2036231 0.2548321 0.0395258 0.0589586 -0.0172424 0.9020312 0.4272778 2415091.4534535
-0.2060256 0.2533927 0.0396296 0.0588775 -0.0175172 0.9040148 0.4230647 2415091.5405405
-0.2084151 0.2519374 0.0397308 0.0587951 -0.0177917 0.9059788 0.4188424 2415091.6276276
-0.2107915 0.2504662 0.0398296 0.0587115 -0.0180659 0.9079231 0.4146110 2415091.7147147
-0.2131547 0.2489794 0.0399258 0.0586265 -0.0183396 0.9098476 0.4103706 2415091.8018018
-0.2155046 0.2474771 0.0400196 0.0585403 -0.0186129 0.9117523 0.4061212 2415091.8888889
-0.2178412 0.2459594 0.0401109 0.0584529 -0.0188858 0.9136371 0.4018630 2415091.9759760
-0.2201642 0.2444264 0.0401997 0.0583641 -0.0191583 0.9155021 0.3975960 2415092.0630631
-0.2224737 0.2428784 0.0402860 0.0582741 -0.0194304 0.9173471 0.3933204 2415092.1501501
-0.2247695 0.2413155 0.0403698 0.0581828 -0.0197021 0.9191721 0.3890362 2415092.2372372
-0.2270516 0.2397378 0.0404512 0.0580903 -0.0199733 0.9209772 0.3847435 2415092.3243243
-0.2293198 0.2381455 0.0405301 0.0579964 -0.0202441 0.9227622 0.3804425 2415092.4114114
-0.2315741 0.2365387 0.0406066 0.0579014 -0.0205145 0.9245271 0.3761332 2415092.4984985
-0.2338144 0.2349176 0.0406806 0.0578050 -0.0207844 0.9262719 0.3718157 2415092.5855856
-0.2360406 0.2332824 0.0407521 0.0577074 -0.0210539 0.9279966 0.3674901 2415092.6726727
-0.2382526 0.2316331 0.0408212 0.0576086 -0.0213229 0.9297010 0.3631565 2415092.7597598
-0.2404504 0.2299700 0.0408879 0.0575085 -0.0215914 0.9313852 0.3588150 2415092.8468468
-0.2426338 0.2282932 0.0409521 0.0574071 -0.0218595 0.9330491 0.3544657 2415092.9339339
-0.2448029 0.2266029 0.0410139 0.0573045 -0.0221271 0.9346927 0.3501087 2415093.0210210
-0.2469575 0.2248991 0.0410732 0.0572006 -0.0223942 0.9363160 0.3457441 2415093.1081081
-0.2490975 0.2231821 0.0411302 0.0570955 -0.0226608 0.9379189 0.3413719 2415093.1951952
-0.2512229 0.2214521 0.0411847 0.0569892 -0.0229270 0.9395013 0.3369923 2415093.2822823
-0.2533337 0.2197090 0.0412368 0.0568816 -0.0231926 0.9410633 0.3326054 2415093.3693694
-0.2554297 0.2179532 0.0412865 0.0567728 -0.0234577 0.9426049 0.3282113 2415093.4564565
-0.2575109 0.2161848 0.0413339 0.0566627 -0.0237224 0.9441259 0.3238100 2415093.5435435
-0.2595773 0.2144039 0.0413788 0.0565514 -0.0239865 0.9456264 0.3194016 2415093.6306306
-0.2616287 0.2126106 0.0414214 0.0564389 -0.0242500 0.9471062 0.3149863 2415093.7177177
-0.2636651 0.2108052 0.0414616 0.0563251 -0.0245131 0.9485655 0.3105641 2415093.8048048
-0.2656865 0.2089878 0.0414994 0.0562101 -0.0247756 0.9500041 0.3061352 2415093.8918919
-0.2676928 0.2071585 0.0415349 0.0560939 -0.0250376 0.9514221 0.3016996 2415093.9789790
-0.2696839 0.2053174 0.0415680 0.0559765 -0.0252990 0.9528193 0.2972575 2415094.0660661
-0.2716599 0.2034648 0.0415988 0.0558579 -0.0255599 0.9541958 0.2928088 2415094.1531532
-0.2736206 0.2016008 0.0416272 0.0557380 -0.0258202 0.9555515 0.2883538 2415094.2402402
-0.2755660 0.1997255 0.0416533 0.0556169 -0.0260800 0.9568864 0.2838926 2415094.3273273
-0.2774961 0.1978391 0.0416771 0.0554947 -0.0263392 0.9582005 0.2794251 2415094.4144144
-0.2794107 0.1959417 0.0416986 0.0553712 -0.0265978 0.9594937 0.2749516 2415094.5015015
-0.2813100 0.1940335 0.0417178 0.0552465 -0.0268559 0.9607661 0.2704721 2415094.5885886
-0.2831938 0.1921146 0.0417347 0.0551206 -0.0271133 0.9620175 0.2659867 2415094.6756757
-0.2850620 0.1901852 0.0417493 0.0549935 -0.0273702 0.9632480 0.2614955 2415094.7627628
-0.2869147 0.1882454 0.0417616 0.0548652 -0.0276265 0.9644575 0.2569986 2415094.8498498
-0.2887519 0.1862954 0.0417717 0.0547357 -0.0278821 0.9656460 0.2524961 2415094.9369369
-0.2905734 0.1843353 0.0417795 0.0546050 -0.0281372 0.9668136 0.2479882 2415095.0240240
-0.2923792 0.1823653 0.0417850 0.0544732 -0.0283917 0.9679600 0.2434748 2415095.1111111
-0.2941694 0.1803855 0.0417883 0.0543401 -0.0286455 0.9690854 0.2389561 2415095.1981982
-0.2959438 0.1783960 0.0417894 0.0542059 -0.0288987 0.9701897 0.2344323 2415095.2852853
-0.2977025 0.1763971 0.0417883 0.0540704 -0.0291513 0.9712729 0.2299033 2415095.3723724
-0.2994454 0.1743888 0.0417849 0.0539339 -0.0294032 0.9723349 0.2253693 2415095.4594595
-0.3011725 0.1723713 0.0417793 0.0537961 -0.0296546 0.9733758 0.2208305 2415095.5465465
-0.3028838 0.1703447 0.0417715 0.0536571 -0.0299052 0.9743955 0.2162868 2415095.6336336
-0.3045792 0.1683093 0.0417616 0.0535170 -0.0301552 0.9753940 0.2117384 2415095.7207207
-0.3062587 0.1662650 0.0417495 0.0533758 -0.0304046 0.9763712 0.2071854 2415095.8078078
-0.3079224 0.1642121 0.0417352 0.0532333 -0.0306533 0.9773272 0.2026279 2415095.8948949
-0.3095701 0.1621508 0.0417187 0.0530897 -0.0309013 0.9782620 0.1980660 2415095.9819820
-0.3112019 0.1600811 0.0417001 0.0529450 -0.0311487 0.9791754 0.1934998 2415096.0690691
-0.3128178 0.1580032 0.0416793 0.0527991 -0.0313953 0.9800675 0.1889293 2415096.1561562
-0.3144176 0.1559172 0.0416565 0.0526520 -0.0316413 0.9809383 0.1843548 2415096.2432432
-0.3160015 0.1538233 0.0416315 0.0525038 -0.0318866 0.9817877 0.1797762 2415096.3303303
-0.3175694 0.1517216 0.0416044 0.0523545 -0.0321312 0.9826158 0.1751938 2415096.4174174
-0.3191213 0.1496122 0.0415752 0.0522040 -0.0323751 0.9834224 0.1706075 2415096.5045045
-0.3206571 0.1474954 0.0415439 0.0520524 -0.0326184 0.9842077 0.1660175 2415096.5915916
-0.3221769 0.1453711 0.0415106 0.0518997 -0.0328608 0.9849715 0.1614239 2415096.6786787
-0.3236807 0.1432396 0.0414751 0.0517458 -0.0331026 0.9857139 0.1568268 2415096.7657658
-0.3251684 0.1411011 0.0414377 0.0515908 -0.0333437 0.9864349 0.1522262 2415096.8528529
-0.3266401 0.1389555 0.0413981 0.0514347 -0.0335840 0.9871343 0.1476224 2415096.9399399
-0.3280957 0.1368032 0.0413566 0.0512774 -0.0338236 0.9878123 0.1430154 2415097.0270270
-0.3295353 0.1346441 0.0413130 0.0511191 -0.0340625 0.9884688 0.1384052 2415097.1141141
-0.3309588 0.1324784 0.0412674 0.0509596 -0.0343006 0.9891038 0.1337920 2415097.2012012
-0.3323662 0.1303064 0.0412198 0.0507990 -0.0345380 0.9897172 0.1291759 2415097.2882883
-0.3337575 0.1281280 0.0411702 0.0506373 -0.0347746 0.9903091 0.1245570 2415097.3753754
-0.3351328 0.1259435 0.0411186 0.0504745 -0.0350105 0.9908794 0.1199354 2415097.4624625
-0.3364920 0.1237529 0.0410650 0.0503106 -0.0352456 0.9914282 0.1153112 2415097.5495495
-0.3378351 0.1215564 0.0410095 0.0501456 -0.0354799 0.9919554 0.1106845 2415097.6366366
-0.3391622 0.1193541 0.0409520 0.0499796 -0.0357135 0.9924610 0.1060554 2415097.7237237
-0.3404732 0.1171462 0.0408926 0.0498124 -0.0359463 0.9929450 0.1014239 2415097.8108108
-0.3417681 0.1149327 0.0408313 0.0496442 -0.0361783 0.9934074 0.0967903 2415097.8978979
-0.3430470 0.1127139 0.0407681 0.0494748 -0.0364095 0.9938481 0.0921546 2415097.9849850
-0.3443098 0.1104898 0.0407029 0.0493044 -0.0366399 0.9942673 0.0875168 2415098.0720721
-0.3455566 0.1082605 0.0406358 0.0491329 -0.0368696 0.9946648 0.0828772 2415098.1591592
-0.3467874 0.1060262 0.0405669 0.0489604 -0.0370984 0.9950406 0.0782357 2415098.2462462
-0.3480022 0.1037870 0.0404961 0.0487868 -0.0373264 0.9953948 0.0735925 2415098.3333333
-0.3492009 0.1015431 0.0404234 0.0486121 -0.0375536 0.9957273 0.0689478 2415098.4204204
-0.3503837 0.0992945 0.0403489 0.0484364 -0.0377800 0.9960381 0.0643015 2415098.5075075
-0.3515505 0.0970413 0.0402725 0.0482596 -0.0380056 0.9963273 0.0596539 2415098.5945946
-0.3527013 0.0947838 0.0401943 0.0480818 -0.0382303 0.9965947 0.0550049 2415098.6816817
-0.3538361 0.0925219 0.0401143 0.0479029 -0.0384542 0.9968405 0.0503548 2415098.7687688
-0.3549550 0.0902559 0.0400325 0.0477229 -0.0386773 0.9970646 0.0457036 2415098.8558559
-0.3560580 0.0879859 0.0399489 0.0475420 -0.0388995 0.9972670 0.0410513 2415098.9429429
-0.3571450 0.0857119 0.0398635 0.0473600 -0.0391209 0.9974476 0.0363982 2415099.0300300
-0.3582162 0.0834341 0.0397763 0.0471769 -0.0393414 0.9976066 0.0317443 2415099.1171171
-0.3592715 0.0811526 0.0396873 0.0469929 -0.0395611 0.9977438 0.0270897 2415099.2042042
-0.3603109 0.0788675 0.0395966 0.0468078 -0.0397799 0.9978593 0.0224345 2415099.2912913
-0.3613345 0.0765789 0.0395042 0.0466217 -0.0399978 0.9979532 0.0177788 2415099.3783784
-0.3623422 0.0742870 0.0394100 0.0464346 -0.0402149 0.9980252 0.0131228 2415099.4654655
-0.3633342 0.0719919 0.0393142 0.0462465 -0.0404311 0.9980756 0.0084664 2415099.5525526
-0.3643104 0.0696936 0.0392166 0.0460573 -0.0406464 0.9981042 0.0038099 2415099.6396396
-0.3652708 0.0673923 0.0391173 0.0458672 -0.0408609 0.9981112 -0.0008467 2415099.7267267
-0.3662155 0.0650881 0.0390163 0.0456761 -0.0410744 0.9980963 -0.0055033 2415099.8138138
-0.3671445 0.0627811 0.0389137 0.0454839 -0.0412871 0.9980598 -0.0101597 2415099.9009009
-0.3680578 0.0604715 0.0388094 0.0452908 -0.0414988 0.9980015 -0.0148160 2415099.9879880
-0.3689554 0.0581592 0.0387034 0.0450967 -0.0417097 0.9979216 -0.0194719 2415100.0750751
-0.3698374 0.0558445 0.0385958 0.0449016 -0.0419196 0.9978199 -0.0241274 2415100.1621622
-0.3707038 0.0535275 0.0384866 0.0447056 -0.0421286 0.9976964 -0.0287823 2415100.2492492
-0.3715546 0.0512082 0.0383757 0.0445086 -0.0423367 0.9975513 -0.0334366 2415100.3363363
-0.3723898 0.0488867 0.0382633 0.0443105 -0.0425439 0.9973844 -0.0380902 2415100.4234234
-0.3732096 0.0465632 0.0381492 0.0441116 -0.0427502 0.9971959 -0.0427430 2415100.5105105
-0.3740138 0.0442378 0.0380336 0.0439117 -0.0429555 0.9969856 -0.0473948 2415100.5975976
-0.3748025 0.0419105 0.0379164 0.0437108 -0.0431599 0.9967537 -0.0520456 2415100.6846847
-0.3755758 0.0395815 0.0377976 0.0435089 -0.0433634 0.9965000 -0.0566953 2415100.7717718
-0.3763336 0.0372509 0.0376773 0.0433062 -0.0435659 0.9962246 -0.0613437 2415100.8588589
-0.3770761 0.0349188 0.0375554 0.0431024 -0.0437675 0.9959276 -0.0659908 2415100.9459459
-0.3778032 0.0325852 0.0374320 0.0428978 -0.0439681 0.9956089 -0.0706365 2415101.0330330
-0.3785150 0.0302504 0.0373071 0.0426922 -0.0441677 0.9952685 -0.0752806 2415101.1201201
-0.3792115 0.0279143 0.0371807 0.0424857 -0.0443664 0.9949065 -0.0799230 2415101.2072072
-0.3798928 0.0255770 0.0370528 0.0422782 -0.0445641 0.9945228 -0.0845638 2415101.2942943
-0.3805588 0.0232388 0.0369234 0.0420698 -0.0447609 0.9941174 -0.0892026 2415101.3813814
-0.3812096 0.0208996 0.0367925 0.0418606 -0.0449567 0.9936905 -0.0938396 2415101.4684685
-0.3818453 0.0185596 0.0366602 0.0416504 -0.0451515 0.9932418 -0.0984745 2415101.5555556
-0.3824658 0.0162188 0.0365264 0.0414393 -0.0453453 0.9927716 -0.1031072 2415101.6426426
-0.3830712 0.0138775 0.0363911 0.0412273 -0.0455381 0.9922798 -0.1077377 2415101.7297297
-0.3836616 0.0115355 0.0362545 0.0410144 -0.0457300 0.9917664 -0.1123659 2415101.8168168
-0.3842370 0.0091932 0.0361164 0.0408006 -0.0459208 0.9912313 -0.1169916 2415101.9039039
-0.3847973 0.0068504 0.0359769 0.0405859 -0.0461107 0.9906747 -0.1216147 2415101.9909910
-0.3853427 0.0045074 0.0358360 0.0403703 -0.0462995 0.9900966 -0.1262352 2415102.0780781
-0.3858732 0.0021642 0.0356937 0.0401539 -0.0464874 0.9894969 -0.1308530 2415102.1651652
-0.3863888 -0.0001790 0.0355501 0.0399366 -0.0466742 0.9888756 -0.1354679 2415102.2522523
-0.3868896 -0.0025223 0.0354051 0.0397184 -0.0468600 0.9882329 -0.1400798 2415102.3393393
-0.3873756 -0.0048655 0.0352587 0.0394993 -0.0470448 0.9875686 -0.1446887 2415102.4264264
-0.3878468 -0.0072084 0.0351110 0.0392794 -0.0472286 0.9868828 -0.1492945 2415102.5135135
-0.3883032 -0.0095511 0.0349619 0.0390587 -0.0474113 0.9861756 -0.1538970 2415102.6006006
-0.3887450 -0.0118935 0.0348115 0.0388370 -0.0475930 0.9854469 -0.1584961 2415102.6876877
-0.3891721 -0.0142354 0.0346599 0.0386146 -0.0477737 0.9846967 -0.1630918 2415102.7747748
-0.3895846 -0.0165767 0.0345069 0.0383913 -0.0479533 0.9839251 -0.1676839 2415102.8618619
-0.3899825 -0.0189175 0.0343526 0.0381672 -0.0481319 0.9831321 -0.1722724 2415102.9489489
-0.3903659 -0.0212575 0.0341970 0.0379422 -0.0483094 0.9823177 -0.1768571 2415103.0360360
-0.3907348 -0.0235967 0.0340402 0.0377164 -0.0484859 0.9814820 -0.1814380 2415103.1231231
-0.3910893 -0.0259351 0.0338821 0.0374898 -0.0486613 0.9806248 -0.1860149 2415103.2102102
-0.3914293 -0.0282725 0.0337228 0.0372624 -0.0488357 0.9797463 -0.1905878 2415103.2972973
-0.3917550 -0.0306089 0.0335622 0.0370341 -0.0490090 0.9788465 -0.1951565 2415103.3843844
-0.3920663 -0.0329442 0.0334004 0.0368051 -0.0491813 0.9779254 -0.1997210 2415103.4714715
-0.3923633 -0.0352782 0.0332374 0.0365752 -0.0493524 0.9769830 -0.2042811 2415103.5585586
-0.3926461 -0.0376110 0.0330731 0.0363446 -0.0495225 0.9760194 -0.2088368 2415103.6456456
-0.3929147 -0.0399424 0.0329077 0.0361132 -0.0496915 0.9750345 -0.2133879 2415103.7327327
-0.3931691 -0.0422724 0.0327411 0.0358809 -0.0498595 0.9740283 -0.2179344 2415103.8198198
-0.3934094 -0.0446008 0.0325733 0.0356479 -0.0500263 0.9730010 -0.2224761 2415103.9069069
-0.3936356 -0.0469277 0.0324044 0.0354142 -0.0501921 0.9719525 -0.2270130 2415103.9939940
-0.3938477 -0.0492529 0.0322343 0.0351796 -0.0503568 0.9708829 -0.2315449 2415104.0810811
-0.3940459 -0.0515763 0.0320630 0.0349443 -0.0505203 0.9697921 -0.2360718 2415104.1681682
-0.3942301 -0.0538979 0.0318906 0.0347082 -0.0506828 0.9686802 -0.2405936 2415104.2552553
-0.3944004 -0.0562176 0.0317171 0.0344714 -0.0508442 0.9675472 -0.2451101 2415104.3423423
-0.3945568 -0.0585354 0.0315425 0.0342338 -0.0510045 0.9663932 -0.2496213 2415104.4294294
-0.3946994 -0.0608510 0.0313667 0.0339955 -0.0511636 0.9652181 -0.2541270 2415104.5165165
-0.3948282 -0.0631646 0.0311899 0.0337565 -0.0513216 0.9640221 -0.2586272 2415104.6036036
-0.3949433 -0.0654760 0.0310120 0.0335167 -0.0514786 0.9628050 -0.2631218 2415104.6906907
-0.3950447 -0.0677850 0.0308330 0.0332761 -0.0516344 0.9615670 -0.2676106 2415104.7777778
-0.3951325 -0.0700918 0.0306529 0.0330349 -0.0517890 0.9603081 -0.2720937 2415104.8648649
-0.3952066 -0.0723961 0.0304718 0.0327929 -0.0519426 0.9590283 -0.2765707 2415104.9519520
-0.3952672 -0.0746980 0.0302897 0.0325502 -0.0520950 0.9577276 -0.2810418 2415105.0390390
-0.3953143 -0.0769973 0.0301065 0.0323069 -0.0522463 0.9564060 -0.2855068 2415105.1261261
-0.3953479 -0.0792940 0.0299223 0.0320628 -0.0523965 0.9550637 -0.2899655 2415105.2132132
-0.3953681 -0.0815879 0.0297370 0.0318180 -0.0525455 0.9537005 -0.2944179 2415105.3003003
-0.3953749 -0.0838792 0.0295508 0.0315725 -0.0526933 0.9523166 -0.2988639 2415105.3873874
-0.3953684 -0.0861675 0.0293635 0.0313263 -0.0528401 0.9509120 -0.3033034 2415105.4744745
-0.3953486 -0.0884530 0.0291753 0.0310795 -0.0529856 0.9494867 -0.3077363 2415105.5615616
-0.3953156 -0.0907356 0.0289861 0.0308319 -0.0531300 0.9480407 -0.3121625 2415105.6486486
-0.3952693 -0.0930151 0.0287959 0.0305837 -0.0532733 0.9465741 -0.3165819 2415105.7357357
-0.3952099 -0.0952915 0.0286048 0.0303349 -0.0534154 0.9450869 -0.3209944 2415105.8228228
-0.3951375 -0.0975647 0.0284127 0.0300854 -0.0535563 0.9435791 -0.3253999 2415105.9099099
-0.3950519 -0.0998348 0.0282197 0.0298352 -0.0536961 0.9420508 -0.3297983 2415105.9969970
-0.3949533 -0.1021015 0.0280258 0.0295844 -0.0538347 0.9405020 -0.3341895 2415106.0840841
-0.3948418 -0.1043649 0.0278309 0.0293329 -0.0539721 0.9389327 -0.3385735 2415106.1711712
-0.3947174 -0.1066249 0.0276352 0.0290808 -0.0541084 0.9373430 -0.3429501 2415106.2582583
-0.3945801 -0.1088814 0.0274385 0.0288280 -0.0542435 0.9357328 -0.3473192 2415106.3453453
-0.3944299 -0.1111343 0.0272409 0.0285747 -0.0543774 0.9341024 -0.3516808 2415106.4324324
-0.3942670 -0.1133837 0.0270425 0.0283207 -0.0545101 0.9324516 -0.3560347 2415106.5195195
-0.3940913 -0.1156294 0.0268431 0.0280661 -0.0546416 0.9307804 -0.3603808 2415106.6066066
-0.3939030 -0.1178714 0.0266430 0.0278109 -0.0547719 0.9290891 -0.3647191 2415106.6936937
-0.3937020 -0.1201096 0.0264419 0.0275550 -0.0549011 0.9273775 -0.3690495 2415106.7807808
-0.3934885 -0.1223439 0.0262400 0.0272986 -0.0550290 0.9256458 -0.3733718 2415106.8678679
-0.3932623 -0.1245744 0.0260373 0.0270416 -0.0551558 0.9238939 -0.3776860 2415106.9549550
-0.3930237 -0.1268008 0.0258337 0.0267840 -0.0552813 0.9221218 -0.3819920 2415107.0420420
-0.3927727 -0.1290233 0.0256294 0.0265258 -0.0554057 0.9203298 -0.3862897 2415107.1291291
-0.3925092 -0.1312417 0.0254242 0.0262670 -0.0555288 0.9185177 -0.3905789 2415107.2162162
-0.3922334 -0.1334560 0.0252182 0.0260077 -0.0556508 0.9166856 -0.3948597 2415107.3033033
-0.3919453 -0.1356661 0.0250115 0.0257478 -0.0557715 0.9148335 -0.3991318 2415107.3903904
-0.3916449 -0.1378719 0.0248039 0.0254873 -0.0558910 0.9129616 -0.4033953 2415107.4774775
-0.3913323 -0.1400735 0.0245956 0.0252263 -0.0560093 0.9110698 -0.4076499 2415107.5645646
-0.3910075 -0.1422706 0.0243865 0.0249648 -0.0561264 0.9091581 -0.4118957 2415107.6516517
-0.3906706 -0.1444634 0.0241766 0.0247027 -0.0562422 0.9072267 -0.4161326 2415107.7387387
-0.3903216 -0.1466517 0.0239660 0.0244400 -0.0563569 0.9052755 -0.4203603 2415107.8258258
-0.3899606 -0.1488355 0.0237547 0.0241768 -0.0564703 0.9033047 -0.4245790 2415107.9129129