1.5132812 29.8256737 -0.6490810 0.0652870 0.2340572 -0.4288939 0.8700603 2415021.0000000
1.3249531 29.8356279 -0.6449520 0.1780733 0.1653425 0.0895481 0.9658845 2415080.8588591
1.1365921 29.8444234 -0.6407979 0.2382611 0.0477806 0.5815352 0.7763797 2415140.7177183
0.9482069 29.8520676 -0.6366193 0.2280676 -0.0839023 0.9017314 0.3575278 2415200.5765775
0.7597950 29.8585663 -0.6324160 0.1505004 -0.1908065 0.9555490 -0.1669388 2415260.4354367
0.5713549 29.8639142 -0.6281878 -0.0284700 0.2413504 -0.7270910 0.6420889 2415320.2942958
0.3828964 29.8681071 -0.6239347 0.1019770 0.2205999 -0.2838462 0.9275601 2415380.1531550
0.1944303 29.8711495 -0.6196569 0.2023058 0.1346812 0.2432472 0.9390230 2415440.0120141
0.0059583 29.8730451 -0.6153546 0.2428770 0.0089721 0.6984821 0.6730921 2415499.8708733
-0.1825179 29.8737911 -0.6110283 0.2117024 -0.1193940 0.9473792 0.2083263 2415559.7297324
-0.3709916 29.8733883 -0.6066781 0.1179875 -0.2124967 0.9164134 -0.3179790 2415619.5885916
-0.5594607 29.8718412 -0.6023034 0.0105868 0.2428310 -0.6147330 0.7503495 2415679.4474508
-0.7479262 29.8691469 -0.5979040 0.1360404 0.2014325 -0.1314574 0.9610603 2415739.3063099
-0.9363795 29.8652968 -0.5934806 0.2213129 0.1005270 0.3906500 0.8878668 2415799.1651691
-1.1248090 29.8602915 -0.5890343 0.2412122 -0.0300802 0.7973551 0.5523918 2415859.0240282
-1.3132143 29.8541386 -0.5845645 0.1898565 -0.1518082 0.9685149 0.0537376 2415918.8828874
-1.5015979 29.8468367 -0.5800702 0.0824129 -0.2286972 0.8535683 -0.4607894 2415978.7417466
-1.6899532 29.8383780 -0.5755516 0.0493817 0.2380311 -0.4864724 0.8391944 2416038.6006057
-1.8782704 29.8287603 -0.5710101 0.1665953 0.1770492 0.0243296 0.9696946 2416098.4594649
-2.0665475 29.8179827 -0.5664462 0.2346014 0.0637623 0.5279427 0.8137401 2416158.3183240
-2.2547818 29.8060401 -0.5618591 0.2333079 -0.0683663 0.8755965 0.4174019 2416218.1771832
-2.4429624 29.7929310 -0.5572480 0.1630933 -0.1803057 0.9645920 -0.1022384 2416278.0360424
-2.6310807 29.7786600 -0.5526133 -0.0446960 0.2389873 -0.7686403 0.5916751 2416337.8949015
-2.8191380 29.7632235 -0.5479564 0.0869110 0.2270731 -0.3456278 0.9063254 2416397.7537607
-3.0071323 29.7466089 -0.5432779 0.1928505 0.1480791 0.1794842 0.9532401 2416457.6126198
-3.1950507 29.7288114 -0.5385768 0.2418260 0.0253373 0.6515736 0.7185611 2416517.4714790
-3.3828810 29.7098363 -0.5338523 0.2193667 -0.1048956 0.9311822 0.2716151 2416577.3303381
-3.5706182 29.6896826 -0.5291047 0.1321037 -0.2041483 0.9357125 -0.2555663 2416637.1891973
-3.7582558 29.6683416 -0.5243362 -0.0058116 0.2430991 -0.6638270 0.7072501 2416697.0480565
-3.9457845 29.6458104 -0.5195473 0.1222037 0.2102386 -0.1958435 0.9500060 2416756.9069157
-4.1331999 29.6220907 -0.5147365 0.2141257 0.1152703 0.3299921 0.9121229 2416816.7657748
-4.3204939 29.5971776 -0.5099024 0.2427981 -0.0137546 0.7583440 0.6047927 2416876.6246340
-4.5076481 29.5710635 -0.5050469 0.1997476 -0.1387229 0.9626747 0.1188037 2416936.4834931
-4.6946481 29.5437504 -0.5001724 0.0976879 -0.2227179 0.8826241 -0.4022791 2416996.3423523
-4.8814932 29.5152431 -0.4952782 0.0332347 0.2409247 -0.5418407 0.8045244 2417056.2012115
-5.0681800 29.4855385 -0.4903623 0.1543463 0.1879614 -0.0409950 0.9691064 2417116.0600706
-5.2546916 29.4546310 -0.4854247 0.2298691 0.0794703 0.4719593 0.8474073 2417175.9189298
-5.4410108 29.4225211 -0.4804677 0.2374907 -0.0525025 0.8454919 0.4753788 2417235.7777889
-5.6271310 29.3892091 -0.4754927 0.1749563 -0.1689725 0.9692594 -0.0370786 2417295.6366481
-5.8130450 29.3546928 -0.4704991 -0.0607353 0.2355327 -0.8067007 0.5385811 2417355.4955072
-5.9987381 29.3189773 -0.4654849 0.0714332 0.2325183 -0.4058377 0.8809814 2417415.3543664
-6.1841978 29.2820704 -0.4604505 0.1825066 0.1608162 0.1149112 0.9631329 2417475.2132256
-6.3694188 29.2439685 -0.4553982 0.2396720 0.0416041 0.6017129 0.7607681 2417535.0720847
-6.5543917 29.2046633 -0.4503297 0.2260394 -0.0899042 0.9107629 0.3336679 2417594.9309439
-6.7391003 29.1641598 -0.4452436 0.1456326 -0.1948609 0.9507665 -0.1919986 2417654.7898030
-6.9235330 29.1224717 -0.4401378 -0.0222007 0.2422597 -0.7099070 0.6609458 2417714.6486622
-7.1076825 29.0796021 -0.4350132 0.1077957 0.2180958 -0.2593370 0.9346436 2417774.5075214
-7.2915384 29.0355464 -0.4298729 0.2059552 0.1295036 0.2678414 0.9322405 2417834.3663805
-7.4750913 28.9903075 -0.4247179 0.2432791 0.0026507 0.7158960 0.6544472 2417894.2252397
-7.6583370 28.9438926 -0.4195458 0.2087386 -0.1249918 0.9524687 0.1833267 2417954.0840988
-7.8412645 28.8963042 -0.4143548 0.1125336 -0.2157174 0.9076748 -0.3419482 2418013.9429580
-8.0238537 28.8475442 -0.4091472 0.0169195 0.2427232 -0.5947479 0.7662076 2418073.8018171
-8.2060948 28.7976208 -0.4039259 0.1413811 0.1980284 -0.1061294 0.9641228 2418133.6606763
-8.3879912 28.7465409 -0.3986906 0.2240841 0.0948323 0.4138389 0.8772289 2418193.5195355
-8.5695394 28.6943046 -0.3934387 0.2405954 -0.0363830 0.8115547 0.5311959 2418253.3783947
-8.7507209 28.6409146 -0.3881696 0.1860341 -0.1568573 0.9695305 0.0282452 2418313.2372538
-8.9315207 28.5863790 -0.3828858 0.0765144 -0.2310010 0.8410998 -0.4830478 2418373.0961129
-9.1119364 28.5307017 -0.3775895 0.0556138 0.2369094 -0.4642030 0.8516435 2418432.9549721
-9.2919655 28.4738848 -0.3722800 0.1713200 0.1728334 0.0498213 0.9686567 2418492.8138313
-9.4715977 28.4159388 -0.3669548 0.2364231 0.0576982 0.5491264 0.7995218 2418552.6726905
-9.6508250 28.3568737 -0.3616136 0.2316886 -0.0744874 0.8862143 0.3942033 2418612.5315496
-9.8296425 28.2966864 -0.3562593 0.1585116 -0.1846756 0.9615073 -0.1275643 2418672.3904088
-10.0080414 28.2353730 -0.3508940 -0.0385056 0.2403151 -0.7527643 0.6116468 2418732.2492679
-10.1860116 28.1729455 -0.3455162 0.0928813 0.2249668 -0.3216503 0.9150432 2418792.1081271
-10.3635495 28.1094197 -0.3401231 0.1968372 0.1431612 0.2044801 0.9481286 2418851.9669862
-10.5406511 28.0447981 -0.3347153 0.2426514 0.0190608 0.6702039 0.7011303 2418911.8258454
-10.7173066 27.9790773 -0.3292965 0.2167873 -0.1106766 0.9379435 0.2470141 2418971.6847046
-10.8935108 27.9122620 -0.3238679 0.1268815 -0.2077261 0.9286073 -0.2800703 2419031.5435637
-11.0692641 27.8443611 -0.3184266 0.0005103 0.2434169 -0.6449542 0.7244184 2419091.4024229
-11.2445578 27.7753797 -0.3129706 0.1277579 0.2072027 -0.1707782 0.9547669 2419151.2612820
-11.4193767 27.7053231 -0.3075020 0.2172714 0.1097779 0.3538454 0.9030700 2419211.1201412
-11.5937180 27.6341994 -0.3020239 0.2426063 -0.0200810 0.7739390 0.5846002 2419270.9790004
-11.7675894 27.5620113 -0.2965363 0.1962751 -0.1440143 0.9654044 0.0934366 2419330.8378595
-11.9409879 27.4887578 -0.2910362 0.0919608 -0.2254113 0.8716821 -0.4253273 2419390.6967187
-12.1138970 27.4144454 -0.2855227 0.0395245 0.2402246 -0.5204593 0.8184449 2419450.5555778
-12.2863070 27.3390843 -0.2799981 0.1593407 0.1840749 -0.0154903 0.9697871 2419510.4144370
-12.4582206 27.2626761 -0.2744649 0.2320928 0.0735456 0.4940529 0.8346470 2419570.2732962
-12.6296384 27.1852211 -0.2689227 0.2362870 -0.0587150 0.8576480 0.4529470 2419630.1321553
-12.8005547 27.1067293 -0.2633686 0.1706810 -0.1736375 0.9678868 -0.0625555 2419689.9910145
-12.9709649 27.0272083 -0.2578018 -0.0546516 0.2372724 -0.7922049 0.5595771 2419749.8498737
-13.1408645 26.9466531 -0.2522253 0.0775281 0.2308189 -0.3825008 0.8912941 2419809.7087328
-13.3102458 26.8650618 -0.2466416 0.1868122 0.1561799 0.1401954 0.9597157 2419869.5675919
-13.4791059 26.7824465 -0.2410490 0.2409164 0.0354008 0.6214752 0.7446305 2419929.4264511
-13.6474479 26.6988181 -0.2354444 0.2238554 -0.0958420 0.9191654 0.3095770 2419989.2853103
-13.8152686 26.6141742 -0.2298283 0.1406655 -0.1987791 0.9453270 -0.2169262 2420049.1441695
-13.9825580 26.5285097 -0.2242044 -0.0159180 0.2430010 -0.6922323 0.6793464 2420109.0030286
-14.1493132 26.4418278 -0.2185739 0.1135379 0.2154414 -0.2346483 0.9410814 2420168.8618878
-14.3155374 26.3541342 -0.2129341 0.2094607 0.1242379 0.2922510 0.9248138 2420228.7207469
-14.4812237 26.2654315 -0.2072829 0.2435125 -0.0036707 0.7328157 0.6353498 2420288.5796061
-14.6463602 26.1757235 -0.2016220 0.2056312 -0.1305013 0.9569002 0.1582001 2420348.4384653
-14.8109472 26.0850128 -0.1959545 0.1070035 -0.2187876 0.8983091 -0.3656816 2420408.2973244
-14.9749916 25.9932950 -0.1902805 0.0232385 0.2424473 -0.5743515 0.7815367 2420468.1561836
-15.1384869 25.9005658 -0.1845974 0.1466222 0.1944881 -0.0807276 0.9665192 2420528.0150427
-15.3014180 25.8068323 -0.1789040 0.2266992 0.0890738 0.4367423 0.8659847 2420587.8739019
-15.4637787 25.7121012 -0.1732023 0.2398122 -0.0426587 0.8251939 0.5096327 2420647.7327610
-15.6255710 25.6163674 -0.1674948 0.1820841 -0.1617961 0.9698762 0.0027328 2420707.5916202
-15.7867928 25.5196262 -0.1617815 -0.0705647 0.2331442 -0.8280500 0.5049728 2420767.4504794
-15.9474369 25.4218834 -0.1560597 0.0618055 0.2356239 -0.4416126 0.8635044 2420827.3093385
-16.1074965 25.3231414 -0.1503284 0.1759246 0.1684993 0.0752790 0.9669496 2420887.1681977
-16.2669616 25.2233931 -0.1445904 0.2380805 0.0515960 0.5699311 0.7847510 2420947.0270568
-16.4258209 25.1226368 -0.1388483 0.2299094 -0.0805549 0.8962200 0.3707321 2421006.8859160
-16.5840715 25.0208816 -0.1331008 0.1538216 -0.1889161 0.9577584 -0.1528024 2421066.7447752
-16.7417139 24.9181316 -0.1273451 -0.0322904 0.2414760 -0.7363681 0.6311963 2421126.6036343
-16.8987379 24.8143807 -0.1215816 0.0987855 0.2227054 -0.2974502 0.9231290 2421186.4624935
-17.0551262 24.7096253 -0.1158136 0.2006863 0.1381457 0.2293351 0.9423620 2421246.3213526
-17.2108717 24.6038695 -0.1100426 0.2433085 0.0127730 0.6883715 0.6832148 2421306.1802118
-17.3659729 24.4971174 -0.1042664 0.2140584 -0.1163791 0.9440569 0.2222420 2421366.0390710
-17.5204183 24.3893712 -0.0984834 0.1215732 -0.2111588 0.9208605 -0.3043812 2421425.8979301
-17.6741924 24.2806359 -0.0926950 0.0068299 0.2435659 -0.6256356 0.7410864 2421485.7567893
-17.8272907 24.1709141 -0.0869037 0.1332218 0.2040243 -0.1455945 0.9588682 2421545.6156485
-17.9797101 24.0602011 -0.0811102 0.2202656 0.1042111 0.3774546 0.8933930 2421605.4745076
-18.1314363 23.9484977 -0.0753128 0.2422464 -0.0263915 0.7889995 0.5640035 2421665.3333667
-18.2824523 23.8358175 -0.0695103 0.1926677 -0.1492043 0.9674671 0.0680045 2421725.1922259
-18.4327515 23.7221699 -0.0637042 0.0861717 -0.2279477 0.8601377 -0.4480820 2421785.0510851
-18.5823302 23.6075519 -0.0578969 0.0457850 0.2393583 -0.4987180 0.8318003 2421844.9099443
-18.7311793 23.4919641 -0.0520888 0.1642231 0.1800621 0.0100254 0.9697979 2421904.7688034
-18.8792888 23.3754171 -0.0462779 0.2341550 0.0675719 0.5158056 0.8213100 2421964.6276626
-19.0266496 23.2579180 -0.0404634 0.2349200 -0.0648848 0.8692117 0.4302019 2422024.4865217
-19.1732492 23.1394677 -0.0346473 0.1662888 -0.1781808 0.9658455 -0.0879896 2422084.3453809
-19.3190750 23.0200735 -0.0288320 -0.0485319 0.2388471 -0.7771615 0.5801868 2422144.2042400
-19.4641252 22.8997484 -0.0230167 0.0835673 0.2289601 -0.3588992 0.9009912 2422204.0630992
-19.6083997 22.7784977 -0.0171996 0.1909869 0.1514369 0.1653831 0.9556355 2422263.9219584
-19.7518852 22.6563215 -0.0113809 0.2419936 0.0291749 0.6408085 0.7279783 2422323.7808175
-19.8945642 22.5332269 -0.0055630 0.2215170 -0.1017115 0.9269331 0.2852720 2422383.6396767
-20.0364323 22.4092260 0.0002532 0.1356024 -0.2025584 0.9392343 -0.2417044 2422443.4985358
-20.1774897 22.2843265 0.0060686 -0.0096263 0.2435737 -0.6740792 0.6972779 2422503.3573950
-20.3177271 22.1585349 0.0118843 0.1191997 0.2126386 -0.2097971 0.9468693 2422563.2162542
-20.4571345 22.0318619 0.0176994 0.2128200 0.1188878 0.3164590 0.9167481 2422623.0751133
-20.5957095 21.9043143 0.0235126 0.2435771 -0.0099875 0.7492293 0.6158132 2422682.9339725
-20.7334477 21.7758920 0.0293231 0.2023823 -0.1359187 0.9606707 0.1329638 2422742.7928316
-20.8703367 21.6466033 0.0351315 0.1014010 -0.2217053 0.8883226 -0.3891626 2422802.6516908
-21.0063688 21.5164663 0.0409386 0.0295394 0.2420035 -0.5535581 0.7963261 2422862.5105500
-21.1415446 21.3854913 0.0467440 0.1517601 0.1908142 -0.0552696 0.9682479 2422922.3694091
-21.2758613 21.2536776 0.0525461 0.2291564 0.0832552 0.4593443 0.8541421 2422982.2282683
-21.4093102 21.1210302 0.0583442 0.2388630 -0.0489028 0.8382631 0.4877171 2423042.0871275
-21.5418855 20.9875624 0.0641392 0.1780091 -0.1666213 0.9695520 -0.0227819 2423101.9459866
-21.6735846 20.8532831 0.0699319 -0.0645679 0.2351250 -0.8144280 0.5265493 2423161.8048458
-21.8044001 20.7181978 0.0757212 0.0679524 0.2341755 -0.4187168 0.8747689 2423221.6637049
-21.9343251 20.5823179 0.0815060 0.1804058 0.1640498 0.1006851 0.9645745 2423281.5225641
-22.0633624 20.4456546 0.0872861 0.2395723 0.0454598 0.5903423 0.7694378 2423341.3814233
-22.1915143 20.3082101 0.0930624 0.2279713 -0.0865648 0.9056068 0.3470043 2423401.2402824
-22.3187703 20.1699870 0.0988347 0.1490264 -0.1930244 0.9533477 -0.1779353 2423461.0991416
-22.4451193 20.0309984 0.1046023 -0.0260548 0.2424692 -0.7194628 0.6503100 2423520.9580007
-22.5705630 19.8912574 0.1103649 0.1046194 0.2202903 -0.2730443 0.9305771 2423580.8168599
-22.6951041 19.7507684 0.1161221 0.2043950 0.1330360 0.2540320 0.9359444 2423640.6757191
-22.8187373 19.6095362 0.1218740 0.2437967 0.0064783 0.7060639 0.6648270 2423700.5345782
-22.9414595 19.4675714 0.1276206 0.2111821 -0.1219992 0.9495182 0.1973160 2423760.3934374
-23.0632712 19.3248807 0.1333621 0.1161822 -0.2144441 0.9124774 -0.3284822 2423820.2522965
-23.1841673 19.1814662 0.1390979 0.0131429 0.2435461 -0.6058844 0.7572428 2423880.1111557
-23.3041402 19.0373370 0.1448271 0.1385917 0.2007054 -0.1203099 0.9623072 2423939.9700148
-23.4231916 18.8925081 0.1505498 0.2231062 0.0985738 0.4008035 0.8830987 2423999.8288740
-23.5413285 18.7469850 0.1562668 0.2417187 -0.0326817 0.8035151 0.5430169 2424059.6877332
-23.6585479 18.6007660 0.1619780 0.1889279 -0.1542892 0.9688616 0.0425251 2424119.5465923
-23.7748407 18.4538574 0.1676824 0.0803247 -0.2303252 0.8479989 -0.4705274 2424179.4054515
-23.8902057 18.3062698 0.1733794 0.0520117 0.2383263 -0.4766318 0.8445812 2424239.2643106
-24.0046468 18.1580078 0.1790693 0.1689902 0.1759256 0.0355346 0.9691387 2424299.1231698
-24.1181612 18.0090762 0.1847527 0.2360542 0.0615531 0.5372022 0.8074054 2424358.9820290
-24.2307454 17.8594852 0.1904295 0.2333905 -0.0710078 0.8801750 0.4071593 2424418.8408881
-24.3424033 17.7092397 0.1960989 0.1617826 -0.1825992 0.9631369 -0.1133633 2424478.6997473
-24.4531361 17.5583359 0.2017602 -0.0423804 0.2402558 -0.7615811 0.6003960 2424538.5586064
-24.5629362 17.4067762 0.2074132 0.0895468 0.2269431 -0.3350494 0.9100660 2424598.4174656
-24.6717994 17.2545742 0.2130592 0.1950280 0.1465903 0.1904569 0.9508951 2424658.2763248
-24.7797303 17.1017381 0.2186984 0.2429026 0.0229307 0.6596993 0.7108230 2424718.1351839
-24.8867297 16.9482647 0.2243295 0.2190256 -0.1075087 0.9340605 0.2607695 2424777.9940431
-24.9927930 16.7941532 0.2299508 0.1304469 -0.2061960 0.9324927 -0.2663158 2424837.8529023
-25.0979201 16.6394101 0.2355635 -0.0033297 0.2439773 -0.6554600 0.7147280 2424897.7117614
-25.2021110 16.4840388 0.2411691 0.1247771 0.2096891 -0.1848007 0.9520031 2424957.5706206
-25.3053574 16.3280397 0.2467670 0.2160307 0.1134568 0.3404487 0.9080490 2425017.4294797
-25.4076520 16.1714181 0.2523552 0.2434728 -0.0162955 0.7651256 0.5958509 2425077.2883389
-25.5089996 16.0141808 0.2579328 0.1989939 -0.1412402 0.9637776 0.1076352 2425137.1471981
-25.6094052 15.8563256 0.2635016 0.0957298 -0.2244683 0.8777223 -0.4123752 2425197.0060572
-25.7088594 15.6978495 0.2690624 0.0358179 0.2413921 -0.5323819 0.8105655 2425256.8649164
-25.8073485 15.5387592 0.2746143 0.1567912 0.1870091 -0.0297731 0.9693078 2425316.7237755
-25.9048705 15.3790606 0.2801552 0.2314539 0.0773807 0.4816293 0.8417093 2425376.5826347
-26.0014278 15.2187525 0.2856848 0.2377484 -0.0551112 0.8507535 0.4654642 2425436.4414939
-26.0970147 15.0578377 0.2912045 0.1738119 -0.1713294 0.9685580 -0.0482812 2425496.3003530
-26.1916235 14.8963247 0.2967154 -0.0585281 0.2369422 -0.8002432 0.5477624 2425556.1592122
-26.2852504 14.7342141 0.3022162 0.0740504 0.2325651 -0.3955314 0.8854292 2425616.0180713
-26.3778882 14.5715007 0.3077043 0.1847606 0.1594878 0.1260220 0.9615330 2425675.8769305
-26.4695258 14.4081895 0.3131797 0.2408975 0.0392941 0.6103460 0.7535928 2425735.7357896
-26.5601592 14.2442956 0.3186445 0.2258757 -0.0925128 0.9143681 0.3230366 2425795.5946488
-26.6497874 14.0798253 0.3240998 0.1441292 -0.1969975 0.9482783 -0.2029457 2425855.4535080
-26.7384016 13.9147749 0.3295428 -0.0198030 0.2432938 -0.7020604 0.6689747 2425915.3123671
-26.8259909 13.7491461 0.3349712 0.1103789 0.2177231 -0.2484495 0.9373825 2425975.1712263
-26.9125527 13.5829486 0.3403860 0.2079609 0.1278356 0.2785538 0.9288800 2426035.0300854
-26.9980828 13.4161903 0.3457898 0.2441156 0.0001810 0.7232687 0.6459798 2426094.8889446
-27.0825675 13.2488770 0.3511822 0.2081601 -0.1275330 0.9543236 0.1722533 2426154.7478038
-27.1659973 13.0810183 0.3565601 0.1107122 -0.2175796 0.9034638 -0.3523566 2426214.6066629
-27.2483751 12.9126208 0.3619221 0.0194448 0.2433573 -0.5857145 0.7728762 2426274.4655221
-27.3297012 12.7436849 0.3672698 0.1438638 0.1972482 -0.0949419 0.9650815 2426334.3243813
-27.4099606 12.5742172 0.3726053 0.2257912 0.0928698 0.4238758 0.8721943 2426394.1832404
-27.4891387 12.4042337 0.3779276 0.2410235 -0.0389474 0.8174760 0.5216549 2426454.0420996
-27.5672344 12.2337438 0.3832335 0.1850581 -0.1592656 0.9695867 0.0170159 2426513.9009587
-27.6442497 12.0627493 0.3885223 0.0744237 -0.2325423 0.8352742 -0.4926481 2426573.7598179
-27.7201790 11.8912594 0.3937959 0.0582006 0.2371293 -0.4542161 0.8567789 2426633.6186771
-27.7950152 11.7192889 0.3990563 0.1736386 0.1716683 0.0610196 0.9678100 2426693.4775362
-27.8687532 11.5468433 0.4043018 0.2377891 0.0554935 0.5582281 0.7929428 2426753.3363954
-27.9413847 11.3739243 0.4095292 0.2316995 -0.0770796 0.8905306 0.3838351 2426813.1952545
-28.0129041 11.2005446 0.4147380 0.1571656 -0.1868895 0.9597630 -0.1386590 2426873.0541137
-28.0833145 11.0267225 0.4199314 -0.0362014 0.2414973 -0.7454743 0.6201907 2426932.9129729
-28.1526161 10.8524662 0.4251107 0.0954623 0.2247692 -0.3109678 0.9185122 2426992.7718320
-28.2207986 10.6777761 0.4302730 0.1989325 0.1416435 0.2153995 0.9454978 2427052.6306912
-28.2878539 10.5026601 0.4354152 0.2436428 0.0166724 0.6781347 0.6931764 2427112.4895503
-28.3537856 10.3271323 0.4405387 0.2163830 -0.1132296 0.9405427 0.2360865 2427172.3484095
-28.4185939 10.1512040 0.4456465 0.1252024 -0.2096895 0.9251069 -0.2907437 2427232.2072686
-28.4822693 9.9748853 0.4507385 0.0029672 0.2442115 -0.6363879 0.7316846 2427292.0661278
-28.5448076 9.7981881 0.4558116 0.1302663 0.2065951 -0.1596762 0.9564793 2427351.9249870
-28.6062160 9.6211179 0.4608638 0.2190905 0.1079487 0.3642036 0.8987225 2427411.7838461
-28.6664959 9.4436766 0.4658969 0.2431996 -0.0225902 0.7804935 0.5754768 2427471.6427053
-28.7256368 9.2658778 0.4709136 0.1954686 -0.1464621 0.9662188 0.0822320 2427531.5015644
-28.7836318 9.0877405 0.4759132 0.0899940 -0.2270747 0.8665156 -0.4353032 2427591.3604236
-28.8404858 8.9092719 0.4808924 0.0420697 0.2406132 -0.5108377 0.8242453 2427651.2192828
-28.8962037 8.7304726 0.4858499 0.1617120 0.1830753 -0.0042557 0.9696982 2427711.0781420
-28.9507836 8.5513531 0.4907879 0.2335902 0.0714543 0.5035819 0.8286948 2427770.9370011
-29.0042235 8.3719289 0.4957091 0.2364691 -0.0612794 0.8626564 0.4428895 2427830.7958602
-29.0565207 8.1922064 0.5006120 0.1694953 -0.1759173 0.9668949 -0.0737475 2427890.6547194
-29.1076704 8.0121894 0.5054928 -0.0524496 0.2385945 -0.7855054 0.5685974 2427950.5135786
-29.1576749 7.8318911 0.5103512 0.0800951 0.2307938 -0.3720724 0.8954781 2428010.3724377
-29.2065442 7.6513263 0.5151905 0.1889858 0.1548164 0.1512722 0.9578272 2428070.2312969
-29.2542805 7.4705001 0.5200125 0.2420551 0.0331029 0.6299284 0.7372270 2428130.0901561
-29.3008736 7.2894139 0.5248144 0.2236239 -0.0983948 0.9224978 0.2988453 2428189.9490152
-29.3463208 7.1080774 0.5295929 0.1391335 -0.2008327 0.9425539 -0.2278162 2428249.8078744
-29.3906321 6.9265028 0.5343493 -0.0135393 0.2439494 -0.6841727 0.6871776 2428309.6667335
-29.4338123 6.7446978 0.5390869 0.1160601 0.2150056 -0.2236826 0.9435405 2428369.5255927
-29.4758557 6.5626717 0.5438058 0.2113814 0.1225479 0.3028835 0.9211740 2428429.3844519
-29.5167623 6.3804335 0.5485032 0.2442650 -0.0061145 0.7399742 0.6266860 2428489.2433110
-29.5565407 6.1979837 0.5531768 0.2049945 -0.1329766 0.9584699 0.1470714 2428549.1021702
-29.5951931 6.0153237 0.5578285 0.1051669 -0.2205632 0.8938260 -0.3759879 2428608.9610293
-29.6327139 5.8324683 0.5624609 0.0257313 0.2429996 -0.5651396 0.7879761 2428668.8198885
-29.6691039 5.6494331 0.5670739 0.1490345 0.1936552 -0.0695079 0.9671892 2428728.6787477
-29.7043711 5.4662187 0.5716644 0.2283186 0.0871030 0.4466556 0.8606872 2428788.5376068
-29.7385198 5.2828212 0.5762306 0.2401612 -0.0451842 0.8308723 0.4999322 2428848.3964660
-29.7715501 5.0992488 0.5807748 0.1810610 -0.1641300 0.9696422 -0.0085053 2428908.2553251
-29.8034634 4.9155131 0.5852999 -0.0684728 0.2345973 -0.8219723 0.5144289 2428968.1141843
-29.8342589 4.7316169 0.5898046 0.0643472 0.2357680 -0.4314863 0.8683850 2429027.9730434
-29.8639333 4.5475615 0.5942853 0.1781651 0.1672932 0.0864627 0.9658128 2429087.8319026
-29.8924925 4.3633548 0.5987416 0.2393584 0.0493970 0.5788686 0.7779323 2429147.6907618
-29.9199479 4.1790031 0.6031765 0.2298482 -0.0830962 0.9002711 0.3602454 2429207.5496210
-29.9462984 3.9945050 0.6075918 0.1524408 -0.1910489 0.9557260 -0.1638593 2429267.4084801
-29.9715319 3.8098617 0.6119850 -0.0299990 0.2425708 -0.7288524 0.6395574 2429327.2673392
-29.9956478 3.6250810 0.6163534 0.1013098 0.2224400 -0.2866711 0.9263242 2429387.1261984
-30.0186567 3.4401678 0.6206976 0.2026978 0.1365997 0.2401936 0.9394472 2429446.9850576
-30.0405615 3.2551234 0.6250205 0.2442137 0.0104043 0.6961020 0.6750507 2429506.8439168
-30.0613548 3.0699525 0.6293226 0.2135910 -0.1188702 0.9463754 0.2112401 2429566.7027759
-30.0810347 2.8846595 0.6336013 0.1198725 -0.2130363 0.9170819 -0.3149711 2429626.5616351
-30.0996037 2.6992404 0.6378546 0.0092603 0.2442761 -0.6168759 0.7481361 2429686.4204942
-30.1170586 2.5136951 0.6420835 0.1356634 0.2033585 -0.1344411 0.9602949 2429746.2793534
-30.1333933 2.3280369 0.6462904 0.2219974 0.1023673 0.3877073 0.8887751 2429806.1382125
-30.1486082 2.1422761 0.6504753 0.2427575 -0.0288675 0.7953226 0.5547048 2429865.9970717
-30.1627047 1.9564080 0.6546357 0.1918085 -0.1515807 0.9679927 0.0567716 2429925.8559309
-30.1756777 1.7704283 0.6587695 0.0841973 -0.2295227 0.8547101 -0.4579309 2429985.7147900
-30.1875218 1.5843462 0.6628785 0.0482904 0.2396676 -0.4889403 0.8373559 2430045.5736492
-30.1982356 1.3981726 0.6669650 0.1665191 0.1790155 0.0212650 0.9694187 2430105.4325083
-30.2078138 1.2119106 0.6710282 0.2355636 0.0654799 0.5251870 0.8151078 2430165.2913675
-30.2162485 1.0255637 0.6750647 0.2350260 -0.0674033 0.8739636 0.4200086 2430225.1502267
-30.2235414 0.8391401 0.6790740 0.1650623 -0.1803816 0.9645639 -0.0991632 2430285.0090858
-30.2296972 0.6526440 0.6830584 -0.0463363 0.2400806 -0.7702248 0.5890399 2430344.8679450
-30.2347068 0.4660772 0.6870191 0.0860825 0.2288628 -0.3483562 0.9049086 2430404.7268041
-30.2385550 0.2794486 0.6909542 0.1930785 0.1500389 0.1764183 0.9534598 2430464.5856633
-30.2412403 0.0927714 0.6948615 0.2430443 0.0268904 0.6490760 0.7203518 2430524.4445225
-30.2427697 -0.0939487 0.6987413 0.2212175 -0.1042069 0.9299905 0.2744473 2430584.3033816
-30.2431405 -0.2807081 0.7025952 0.1340426 -0.2045274 0.9361783 -0.2525297 2430644.1622408
-30.2423435 -0.4674961 0.7064237 -0.0072680 0.2444354 -0.6658122 0.7049061 2430704.0210999
-30.2403751 -0.6543028 0.7102252 0.1216591 0.2121395 -0.1987610 0.9490469 2430763.8799591
-30.2372341 -0.8411253 0.7139981 0.2146541 0.1171767 0.3270044 0.9128315 2430823.7388182
-30.2329157 -1.0279556 0.7177425 0.2442448 -0.0124040 0.7561688 0.6069592 2430883.5976774
-30.2274176 -1.2147758 0.7214601 0.2016874 -0.1383263 0.9619542 0.1217875 2430943.4565366
-30.2207431 -1.4015742 0.7251511 0.0995503 -0.2233928 0.8835707 -0.3993598 2431003.3153958
-30.2128914 -1.5883513 0.7288139 0.0319982 0.2424733 -0.5441741 0.8025318 2431063.1742549
-30.2038545 -1.7751024 0.7324468 0.1541003 0.1899287 -0.0440255 0.9686289 2431123.0331140
-30.1936296 -1.9618114 0.7360507 0.2306868 0.0812773 0.4691272 0.8485855 2431182.8919732
-30.1822202 -2.1484645 0.7396270 0.2391324 -0.0513879 0.8436949 0.4778640 2431242.7508324
-30.1696249 -2.3350547 0.7431755 0.1769392 -0.1688790 0.9690279 -0.0340210 2431302.6096915
-30.1558389 -2.5215726 0.7466943 -0.0624760 0.2364888 -0.8081025 0.5358546 2431362.4685507
-30.1408665 -2.7080069 0.7501826 0.0704474 0.2342434 -0.4084582 0.8793913 2431422.3274099
-30.1247127 -2.8943520 0.7536418 0.1825666 0.1628030 0.1118466 0.9631485 2431482.1862690
-30.1073711 -3.0806012 0.7570722 0.2407609 0.0432680 0.5991096 0.7623842 2431542.0451282
-30.0888347 -3.2667386 0.7604733 0.2278377 -0.0890534 0.9093899 0.3364066 2431601.9039873
-30.0691097 -3.4527486 0.7638442 0.1476114 -0.1950743 0.9510289 -0.1889468 2431661.7628465
-30.0482046 -3.6386267 0.7671845 -0.0237776 0.2434755 -0.7117268 0.6584825 2431721.6217057
-30.0261180 -3.8243690 0.7704946 0.1070854 0.2199568 -0.2621761 0.9334964 2431781.4805648
-30.0028464 -4.0099621 0.7737749 0.2063212 0.1314625 0.2648222 0.9327477 2431841.3394240
-29.9783925 -4.1953936 0.7770254 0.2446147 0.0041308 0.7135886 0.6564586 2431901.1982831
-29.9527580 -4.3806578 0.7802452 0.2106514 -0.1244266 0.9515545 0.1862474 2431961.0571423
-29.9259418 -4.5657442 0.7834337 0.1144609 -0.2162343 0.9084234 -0.3389813 2432020.9160015
-29.8979488 -4.7506368 0.7865913 0.0155451 0.2441710 -0.5969375 0.7640710 2432080.7748606
-29.8687885 -4.9353281 0.7897187 0.1409647 0.1999815 -0.1091127 0.9634473 2432140.6337198
-29.8384615 -5.1198172 0.7928156 0.2247491 0.0967163 0.4109435 0.8782137 2432200.4925789
-29.8069618 -5.3040938 0.7958812 0.2421470 -0.0351230 0.8096025 0.5335494 2432260.3514381
-29.7742926 -5.4881416 0.7989153 0.1880161 -0.1565927 0.9690979 0.0312717 2432320.2102972
-29.7404647 -5.6719517 0.8019181 0.0783437 -0.2318106 0.8423142 -0.4802426 2432380.0691564
-29.7054818 -5.8555193 0.8048900 0.0544759 0.2385557 -0.4667050 0.8498883 2432439.9280156
-29.6693438 -6.0388341 0.8078308 0.1712091 0.1748325 0.0467713 0.9684697 2432499.7868748
-29.6320570 -6.2218863 0.8107404 0.2373727 0.0594617 0.5464296 0.8009576 2432559.6457339
-29.5936265 -6.4046729 0.8136183 0.2334201 -0.0734787 0.8846673 0.3968372 2432619.5045930
-29.5540507 -6.5871873 0.8164641 0.1605158 -0.1847194 0.9615667 -0.1245107 2432679.3634522
-29.5133328 -6.7694137 0.8192784 -0.0401926 0.2413994 -0.7544120 0.6090759 2432739.2223114
-29.4714847 -6.9513400 0.8220621 0.0920084 0.2267732 -0.3243990 0.9137142 2432799.0811706
-29.4285135 -7.1329662 0.8248145 0.1970360 0.1451585 0.2014428 0.9484338 2432858.9400297
-29.3844182 -7.3142909 0.8275342 0.2438643 0.0206610 0.6677754 0.7029789 2432918.7988889
-29.3392019 -7.4953026 0.8302215 0.2186581 -0.1099448 0.9368410 0.2498595 2432978.6577480
-29.2928738 -7.6759916 0.8328777 0.1288600 -0.2080789 0.9291561 -0.2770691 2433038.5166072
-29.2454377 -7.8563539 0.8355034 -0.0009934 0.2447514 -0.6469916 0.7221480 2433098.3754663
-29.1968944 -8.0363819 0.8380971 0.1271720 0.2091268 -0.1737017 0.9538978 2433158.2343255
-29.1472529 -8.2160676 0.8406578 0.2177767 0.1117255 0.3508997 0.9038585 2433218.0931847
-29.0965253 -8.3954114 0.8431862 0.2440547 -0.0186832 0.7718413 0.5868128 2433277.9520438
-29.0447119 -8.5744129 0.8456836 0.1982411 -0.1435784 0.9647741 0.0964191 2433337.8109030
-28.9918078 -8.7530612 0.8481502 0.0938660 -0.2260663 0.8727050 -0.4224562 2433397.6697621
-28.9378203 -8.9313456 0.8505847 0.0382412 0.2417786 -0.5228325 0.8165334 2433457.5286213
-28.8827618 -9.1092669 0.8529859 0.1590575 0.1860712 -0.0185124 0.9693996 2433517.3874805
-28.8266369 -9.2868260 0.8553546 0.2328940 0.0753968 0.4912751 0.8358974 2433577.2463396
-28.7694462 -9.4640157 0.8576924 0.2379376 -0.0575541 0.8559349 0.4554653 2433637.1051988
-28.7111938 -9.6408306 0.8599996 0.1726956 -0.1735093 0.9677442 -0.0595136 2433696.9640579
-28.6518811 -9.8172730 0.8622741 -0.0564375 0.2382153 -0.7936744 0.5569104 2433756.8229171
-28.5915074 -9.9933406 0.8645146 0.0764969 0.2325563 -0.3851477 0.8897905 2433816.6817763
-28.5300796 -10.1690228 0.8667226 0.1868399 0.1582009 0.1371534 0.9598189 2433876.5406354
-28.4676072 -10.3443150 0.8689004 0.2419958 0.0371106 0.6189370 0.7463094 2433936.3994946
-28.4040890 -10.5192225 0.8710469 0.2256695 -0.0949470 0.9178808 0.3123352 2433996.2583537
-28.3395177 -10.6937457 0.8731594 0.1426807 -0.1989631 0.9456749 -0.2139041 2434056.1172129
-28.2738965 -10.8678761 0.8752375 -0.0175413 0.2442107 -0.6941095 0.6769531 2434115.9760720
-28.2072332 -11.0416081 0.8772838 0.1127849 0.2173215 -0.2374996 0.9400239 2434175.8349312
-28.1395264 -11.2149395 0.8792994 0.2098002 0.1262353 0.2892682 0.9254039 2434235.6937904
-28.0707711 -11.3878646 0.8812824 0.2448456 -0.0021439 0.7305827 0.6374128 2434295.5526496
-28.0009718 -11.5603805 0.8832307 0.2075661 -0.1298950 0.9560764 0.1611259 2434355.4115087
-27.9301339 -11.7324905 0.8851445 0.1089711 -0.2192810 0.8991374 -0.3627576 2434415.2703679
-27.8582515 -11.9041909 0.8870262 0.0218175 0.2438961 -0.5765867 0.7794784 2434475.1292270
-27.7853171 -12.0754665 0.8888765 0.1461667 0.1964665 -0.0837087 0.9659343 2434534.9880862
-27.7113343 -12.2463092 0.8906933 0.2273440 0.0909996 0.4338961 0.8670455 2434594.8469454
-27.6363093 -12.4167221 0.8924743 0.2413683 -0.0413523 0.8233234 0.5120253 2434654.7058045
-27.5602402 -12.5867043 0.8942203 0.1840941 -0.1614944 0.9695338 0.0057499 2434714.5646637
-27.4831240 -12.7562434 0.8959340 -0.0724372 0.2339367 -0.8293363 0.5022228 2434774.4235228
-27.4049597 -12.9253298 0.8976159 0.0606219 0.2372782 -0.4441470 0.8618338 2434834.2823820
-27.3257435 -13.0939616 0.8992629 0.1757789 0.1705291 0.0722457 0.9668517 2434894.1412411
-27.2454738 -13.2621320 0.9008727 0.2390164 0.0534038 0.5672951 0.7862541 2434954.0001003
-27.1641588 -13.4298279 0.9024476 0.2316522 -0.0795014 0.8947600 0.3733915 2435013.8589595
-27.0818044 -13.5970429 0.9039906 0.1558589 -0.1889276 0.9579053 -0.1497726 2435073.7178186
-26.9984026 -13.7637761 0.9055003 -0.0340226 0.2425501 -0.7380779 0.6286914 2435133.5766778
-26.9139448 -13.9300192 0.9069735 0.0978687 0.2245266 -0.3002174 0.9218888 2435193.4355369
-26.8284376 -14.0957590 0.9084092 0.2008554 0.1401785 0.2263285 0.9427526 2435253.2943961
-26.7418906 -14.2609874 0.9098105 0.2445146 0.0144189 0.6860139 0.6851202 2435313.1532553
-26.6543019 -14.4256969 0.9111791 0.2159473 -0.1156049 0.9430445 0.2250987 2435373.0121144
-26.5656667 -14.5898761 0.9125132 0.1235891 -0.2114848 0.9214920 -0.3014174 2435432.8709736
-26.4759901 -14.7535194 0.9138098 0.0052803 0.2448972 -0.6277238 0.7388912 2435492.7298327
-26.3852776 -14.9166255 0.9150690 0.1325951 0.2059695 -0.1485221 0.9580899 2435552.5886919
-26.2935271 -15.0791822 0.9162937 0.2207470 0.1061981 0.3745529 0.8942610 2435612.4475510
-26.2007379 -15.2411693 0.9174853 0.2436951 -0.0249477 0.7869809 0.5662609 2435672.3064102
-26.1069175 -15.4025785 0.9186416 0.1946579 -0.1487292 0.9669277 0.0709838 2435732.1652694
-26.0120721 -15.5634124 0.9197595 0.0881179 -0.2285819 0.8612364 -0.4452611 2435792.0241286
-25.9162022 -15.7236654 0.9208398 0.0444559 0.2409160 -0.5011296 0.8299713 2435851.8829877
-25.8193105 -15.8833205 0.9218861 0.1639029 0.1820853 0.0070138 0.9695007 2435911.7418468
-25.7214003 -16.0423655 0.9228992 0.2349386 0.0694654 0.5130839 0.8226319 2435971.6007060
-25.6224713 -16.2007961 0.9238756 0.2365776 -0.0636787 0.8675839 0.4327519 2436031.4595652
-25.5225275 -16.3586042 0.9248128 0.1683331 -0.1780177 0.9657922 -0.0849654 2436091.3184244
-25.4215834 -16.5157781 0.9257133 -0.0503612 0.2397758 -0.7786979 0.5775819 2436151.1772835
-25.3196463 -16.6723119 0.9265804 0.0824917 0.2307080 -0.3615709 0.8995752 2436211.0361427
-25.2167092 -16.8282005 0.9274132 0.1909822 0.1534900 0.1623659 0.9558263 2436270.8950018
-25.1127700 -16.9834312 0.9282083 0.2430621 0.0309290 0.6383373 0.7297190 2436330.7538610
-25.0078435 -17.1379928 0.9289645 0.2233448 -0.1007730 0.9257378 0.2880477 2436390.6127201
-24.9019439 -17.2918806 0.9296849 0.1376521 -0.2027125 0.9396676 -0.2387139 2436450.4715793
-24.7950720 -17.4450870 0.9303719 -0.0112945 0.2447759 -0.6760125 0.6949563 2436510.3304385
-24.6872269 -17.5976002 0.9310239 0.1184044 0.2145357 -0.2126588 0.9459022 2436570.1892976
-24.5784169 -17.7494164 0.9316376 0.2131324 0.1209217 0.3135147 0.9174209 2436630.0481568
-24.4686506 -17.9005341 0.9322131 0.2449061 -0.0084154 0.7470723 0.6179265 2436689.9070159
-24.3579320 -18.0509398 0.9327532 0.2043373 -0.1352717 0.9599380 0.1358927 2436749.7658751
-24.2462681 -18.2006163 0.9332600 0.1034070 -0.2221745 0.8892302 -0.3862837 2436809.6247343
-24.1336696 -18.3495605 0.9337315 0.0280731 0.2434517 -0.5558373 0.7943476 2436869.4835934
-24.0201421 -18.4977768 0.9341644 0.1512656 0.1928156 -0.0582466 0.9677542 2436929.3424526
-23.9056892 -18.6452585 0.9345594 0.2297800 0.0852211 0.4565493 0.8552785 2436989.2013117
-23.7903208 -18.7919897 0.9349202 0.2404218 -0.0475513 0.8364759 0.4901472 2437049.0601709
-23.6740455 -18.9379620 0.9352481 0.1800451 -0.1662825 0.9693002 -0.0197763 2437108.9190301
-23.5568658 -19.0831740 0.9355397 -0.0664818 0.2358995 -0.8157855 0.5238565 2437168.7778892
-23.4387903 -19.2276208 0.9357925 0.0667241 0.2358360 -0.4212820 0.8731843 2437228.6367484
-23.3198362 -19.3712967 0.9360089 0.1802252 0.1661081 0.0976705 0.9645659 2437288.4956075
-23.2000114 -19.5142000 0.9361921 0.2404934 0.0473103 0.5877691 0.7710073 2437348.3544667
-23.0793112 -19.6563248 0.9363418 0.2297237 -0.0854672 0.9042350 0.3496877 2437408.2133258
-22.9577401 -19.7976605 0.9364548 0.1510948 -0.1930034 0.9535823 -0.1749313 2437468.0721850
-22.8353170 -19.9382034 0.9365298 -0.0278305 0.2435317 -0.7212340 0.6478730 2437527.9310442
-22.7120564 -20.0779561 0.9365695 0.1036595 0.2221243 -0.2758282 0.9294269 2437587.7899034
-22.5879597 -20.2169141 0.9365765 0.2045341 0.1351021 0.2510582 0.9364203 2437647.6487625
-22.4630285 -20.3550695 0.9365497 0.2449946 0.0081684 0.7037788 0.6667881 2437707.5076217
-22.3372723 -20.4924230 0.9364862 0.2130869 -0.1211830 0.9485967 0.2001822 2437767.3664808
-22.2107003 -20.6289770 0.9363855 0.1182336 -0.2147428 0.9131913 -0.3255579 2437827.2253400
-22.0833191 -20.7647233 0.9362503 0.0115487 0.2448725 -0.6080224 0.7551244 2437887.0841992
-21.9551386 -20.8996531 0.9360829 0.1379245 0.2026697 -0.1232397 0.9616204 2437946.9430583
-21.8261671 -21.0337714 0.9358815 0.2235631 0.1005982 0.3979478 0.8840459 2438006.8019175
-21.6964047 -21.1670861 0.9356432 0.2431660 -0.0311932 0.8015772 0.5453177 2438066.6607766
-21.5658543 -21.2995920 0.9353682 0.1909401 -0.1537753 0.9684136 0.0454992 2438126.5196358
-21.4345274 -21.4312796 0.9350600 0.0823099 -0.2309379 0.8491728 -0.4677588 2438186.3784949
-21.3024308 -21.5621481 0.9347198 0.0506381 0.2398859 -0.4790802 0.8428361 2438246.2373541
-21.1695633 -21.6922004 0.9343446 0.1686330 0.1779738 0.0325354 0.9689323 2438306.0962133
-21.0359302 -21.8214358 0.9339324 0.2368193 0.0634871 0.5345387 0.8087981 2438365.9550724
-20.9015431 -21.9498547 0.9334848 0.2350534 -0.0697575 0.8786339 0.4097393 2438425.8139316
-20.7664035 -22.0774583 0.9330046 0.1638545 -0.1824011 0.9631731 -0.1103588 2438485.6727907
-20.6305046 -22.2042409 0.9324914 -0.0442515 0.2411690 -0.7631835 0.5978548 2438545.5316499
-20.4938500 -22.3301945 0.9319428 0.0884276 0.2286996 -0.3377440 0.9087387 2438605.3905091
-20.3564527 -22.4553217 0.9313577 0.1949906 0.1486735 0.1874666 0.9511736 2438665.2493682
-20.2183177 -22.5796283 0.9307376 0.2439589 0.0247274 0.6572968 0.7126244 2438725.1082274
-20.0794399 -22.7031091 0.9300845 0.2208653 -0.1065275 0.9329555 0.2635610 2438784.9670865
-19.9398176 -22.8257551 0.9293981 0.1325290 -0.2063199 0.9330113 -0.2633592 2438844.8259457
-19.7994554 -22.9475662 0.9286759 -0.0050413 0.2451706 -0.6574484 0.7124798 2438904.6848049
-19.6583556 -23.0685431 0.9279171 0.1239402 0.2116012 -0.1876709 0.9511274 2438964.5436640
-19.5165214 -23.1886764 0.9271235 0.2163155 0.1155252 0.3375450 0.9088041 2439024.4025232
-19.3739593 -23.3079593 0.9262969 0.2447962 -0.0146796 0.7630462 0.5980132 2439084.2613824
-19.2306704 -23.4263947 0.9254364 0.2009671 -0.1405529 0.9631368 0.1105653 2439144.1202415
-19.0866481 -23.5439827 0.9245394 0.0977722 -0.2249126 0.8787089 -0.4095432 2439203.9791006
-18.9418938 -23.6607119 0.9236058 0.0343076 0.2428380 -0.5347038 0.8086684 2439263.8379598
-18.7964185 -23.7765723 0.9226381 0.1562580 0.1890315 -0.0327440 0.9689058 2439323.6968190
-18.6502260 -23.8915620 0.9216371 0.2320555 0.0793847 0.4788875 0.8429205 2439383.5556782
-18.5033123 -24.0056783 0.9206009 0.2393083 -0.0537157 0.8490508 0.4679304 2439443.4145373
-18.3556806 -24.1189145 0.9195281 0.1758717 -0.1709538 0.9683971 -0.0452891 2439503.2733965
-18.2073386 -24.2312665 0.9184195 -0.0604817 0.2376977 -0.8016711 0.5451286 2439563.1322556
-18.0582866 -24.3427301 0.9172766 0.0727783 0.2342300 -0.3981257 0.8839318 2439622.9911148
-17.9085222 -24.4532930 0.9160996 0.1845450 0.1615726 0.1230281 0.9616140 2439682.8499739
-17.7580530 -24.5629436 0.9148873 0.2418026 0.0411853 0.6078373 0.7552278 2439742.7088331
-17.6068905 -24.6716826 0.9136387 0.2276358 -0.0913721 0.9130856 0.3257420 2439802.5676923
-17.4550361 -24.7795112 0.9123545 0.1462266 -0.1969438 0.9486006 -0.1999695 2439862.4265514
-17.3024877 -24.8864179 0.9110358 -0.0216204 0.2443436 -0.7038917 0.6666073 2439922.2854106
-17.1492504 -24.9923898 0.9096828 0.1093767 0.2195680 -0.2512483 0.9363231 2439982.1442697
-16.9953320 -25.0974237 0.9082946 0.2080696 0.1299330 0.2756148 0.9294412 2440042.0031289
-16.8407360 -25.2015155 0.9068701 0.2453040 0.0019137 0.7210579 0.6479952 2440101.8619881
-16.6854688 -25.3046548 0.9054102 0.2100789 -0.1266755 0.9534939 0.1751271 2440161.7208472
-16.5295407 -25.4068360 0.9039161 0.1127971 -0.2178504 0.9042600 -0.3494738 2440221.5797064
-16.3729545 -25.5080586 0.9023877 0.0178076 0.2446774 -0.5879007 0.7708363 2440281.4385655
-16.2157073 -25.6083147 0.9008238 0.1431566 0.1992296 -0.0978718 0.9644868 2440341.2974247
-16.0578067 -25.7075902 0.8992243 0.2262228 0.0949296 0.4210681 0.8732201 2440401.1562839
-15.8992685 -25.8058786 0.8975899 0.2424677 -0.0374156 0.8156200 0.5239976 2440461.0151430
-15.7400998 -25.9031799 0.8959213 0.1870903 -0.1587132 0.9692306 0.0199829 2440520.8740022
-15.5803009 -25.9994887 0.8942181 0.0764460 -0.2331325 0.8365227 -0.4899337 2440580.7328614
-15.4198786 -26.0947953 0.8924802 0.0567836 0.2386891 -0.4566998 0.8551190 2440640.5917205
-15.2588425 -26.1890957 0.8907075 0.1732445 0.1737393 0.0580349 0.9676947 2440700.4505797
-15.0971966 -26.2823859 0.8888999 0.2385346 0.0574660 0.5556245 0.7944056 2440760.3094388
-14.9349474 -26.3746543 0.8870579 0.2333660 -0.0757862 0.8890772 0.3864434 2440820.1682980
-14.7721090 -26.4658924 0.8851821 0.1592628 -0.1866566 0.9598889 -0.1356763 2440880.0271572
-14.6086917 -26.5561022 0.8832725 -0.0381123 0.2423941 -0.7471418 0.6177149 2440939.8860163
-14.4446958 -26.6452835 0.8813282 0.0943005 0.2265324 -0.3136837 0.9172748 2440999.7448755
-14.2801257 -26.7334243 0.8793492 0.1988624 0.1437546 0.2124380 0.9458639 2441059.6037346
-14.1149956 -26.8205149 0.8773366 0.2446857 0.0185101 0.6758027 0.6950374 2441119.4625938
-13.9493176 -26.9065542 0.8752910 0.2182327 -0.1122065 0.9395290 0.2388920 2441179.3214530
-13.7830959 -26.9915384 0.8732120 0.1273147 -0.2097828 0.9257106 -0.2878229 2441239.1803121
-13.6163398 -27.0754611 0.8710987 0.0012139 0.2453946 -0.6384301 0.7295115 2441299.0391713
-13.4490628 -27.1583223 0.8689514 0.1293885 0.2085202 -0.1625531 0.9556958 2441358.8980188
-13.2812711 -27.2401217 0.8667712 0.2193472 0.1100496 0.3613424 0.8995597 2441418.7568780
-13.1129669 -27.3208495 0.8645586 0.2445159 -0.0209321 0.7784933 0.5776867 2441478.6157372
-12.9441629 -27.4004955 0.8623135 0.1974577 -0.1457351 0.9656704 0.0851614 2441538.4745848
-12.7748761 -27.4790617 0.8600348 0.0920707 -0.2274935 0.8675805 -0.4325202 2441598.3334439
-12.6051147 -27.5565534 0.8577224 0.0405168 0.2420553 -0.5132008 0.8224309 2441658.1923031
-12.4348829 -27.6329655 0.8553779 0.1611404 0.1851167 -0.0072184 0.9693882 2441718.0511507
-12.2641910 -27.7082898 0.8530024 0.2341689 0.0734944 0.5008953 0.8299804 2441777.9100098
-12.0930490 -27.7825262 0.8505952 0.2380285 -0.0598413 0.8610395 0.4453902 2441837.7688690
-11.9214636 -27.8556764 0.8481544 0.1715768 -0.1755049 0.9668252 -0.0707708 2441897.6277282
-11.7494474 -27.9277351 0.8456806 -0.0544407 0.2393299 -0.7870029 0.5660245 2441957.4865873
-11.5770170 -27.9987011 0.8431764 0.0787806 0.2324613 -0.3746943 0.8940691 2442017.3454465
-11.4041784 -28.0685807 0.8406422 0.1887353 0.1569256 0.1483011 0.9579980 2442077.2042940
-11.2309301 -28.1373746 0.8380762 0.2429432 0.0350330 0.6274860 0.7389267 2442137.0631532
-11.0572808 -28.2050762 0.8354771 0.2253898 -0.0972121 0.9213057 0.3015711 2442196.9220124
-10.8832490 -28.2716852 0.8328465 0.1412578 -0.2007461 0.9429638 -0.2248699 2442256.7808715
-10.7088449 -28.3372061 0.8301866 -0.0153968 0.2449851 -0.6860631 0.6848815 2442316.6397307
-10.5340692 -28.4016389 0.8274971 0.1150165 0.2168594 -0.2264945 0.9425728 2442376.4985899
-10.3589285 -28.4649834 0.8247760 0.2114594 0.1246746 0.2999813 0.9218202 2442436.3574374
-10.1834340 -28.5272461 0.8220227 0.2454424 -0.0043410 0.7378392 0.6287547 2442496.2162966
-10.0075906 -28.5884298 0.8192388 0.2069253 -0.1320786 0.9577327 0.1499509 2442556.0751557
-9.8314013 -28.6485272 0.8164263 0.1072832 -0.2208057 0.8947040 -0.3731486 2442615.9340149
-9.6548759 -28.7075353 0.8135849 0.0240526 0.2443119 -0.5673729 0.7860160 2442675.7928741
-9.4780241 -28.7654645 0.8107121 0.1482879 0.1956515 -0.0724361 0.9666872 2442735.6517333
-9.3008472 -28.8223238 0.8078072 0.2287244 0.0891961 0.4438978 0.8617911 2442795.5105808
-9.1233473 -28.8781085 0.8048726 0.2416007 -0.0436105 0.8290998 0.5023154 2442855.3694400
-8.9455311 -28.9328120 0.8019105 0.1831110 -0.1635394 0.9693784 -0.0055475 2442915.2282991
-8.7674018 -28.9864378 0.7989195 -0.0705302 0.2351643 -0.8232947 0.5117705 2442975.0871583
-8.5889602 -29.0389898 0.7958965 0.0628882 0.2373264 -0.4340037 0.8668114 2443034.9460175
-8.4102157 -29.0904662 0.7928419 0.1777344 0.1693847 0.0834946 0.9657888 2443094.8048766
-8.2311781 -29.1408680 0.7897590 0.2400835 0.0514063 0.5763269 0.7794643 2443154.6637242
-8.0518441 -29.1901986 0.7866490 0.2315163 -0.0817609 0.8989066 0.3628804 2443214.5225834
-7.8722067 -29.2384536 0.7835091 0.1545613 -0.1907810 0.9559417 -0.1609003 2443274.3814425
-7.6922735 -29.2856271 0.7803372 -0.0319480 0.2434500 -0.7305839 0.6371488 2443334.2403017
-7.5120594 -29.3317215 0.7771347 0.1001064 0.2242080 -0.2894065 0.9251775 2443394.0991609
-7.3315673 -29.3767392 0.7739047 0.2025947 0.1387366 0.2372630 0.9399009 2443453.9580200
-7.1507916 -29.4206746 0.7706472 0.2452419 0.0122811 0.6938421 0.6769703 2443513.8168676
-6.9697342 -29.4635244 0.7673596 0.2154485 -0.1178061 0.9454538 0.2140578 2443573.6757267
-6.7884026 -29.5052916 0.7640401 0.1220130 -0.2130989 0.9177705 -0.3120880 2443633.5345859
-6.6067999 -29.5459736 0.7606907 0.0074670 0.2454475 -0.6189707 0.7460396 2443693.3934451
-6.4249297 -29.5855583 0.7573143 0.1347454 0.2052945 -0.1373227 0.9596043 2443753.2523043
-6.2427997 -29.6240408 0.7539106 0.2222255 0.1044984 0.3848905 0.8896939 2443813.1111634
-6.0604133 -29.6614284 0.7504763 0.2440653 -0.0271686 0.7934030 0.5569611 2443872.9700226
-5.8777695 -29.6977227 0.7470101 0.1938115 -0.1508146 0.9675372 0.0596983 2443932.8288701
-5.6948743 -29.7329118 0.7435150 0.0863062 -0.2299154 0.8558529 -0.4551988 2443992.6877293
-5.5117371 -29.7669858 0.7399940 0.0466964 0.2411041 -0.4913432 0.8356256 2444052.5465885
-5.3283599 -29.7999448 0.7364454 0.1659096 0.1810737 0.0183124 0.9692012 2444112.4054476
-5.1447444 -29.8317886 0.7328654 0.2361187 0.0675541 0.5225574 0.8164669 2444172.2643068
-4.9609020 -29.8625129 0.7292544 0.2365830 -0.0659239 0.8724337 0.4225422 2444232.1231659
-4.7768434 -29.8921158 0.7256161 0.1671633 -0.1799328 0.9645856 -0.0962040 2444291.9820135
-4.5925659 -29.9205935 0.7219522 -0.0483632 0.2407951 -0.7717911 0.5865298 2444351.8408727
-4.4080676 -29.9479351 0.7182600 0.0847266 0.2305310 -0.3510039 0.9035890 2444411.6997318
-4.2233619 -29.9741351 0.7145367 0.1927933 0.1521703 0.1734719 0.9537203 2444471.5585910
-4.0384661 -29.9991971 0.7107838 0.2439143 0.0288577 0.6467016 0.7221150 2444531.4174502
-3.8533840 -30.0231200 0.7070047 0.2229872 -0.1029831 0.9288896 0.2771918 2444591.2763093
-3.6681136 -30.0458936 0.7032001 0.1361915 -0.2044078 0.9366758 -0.2496153 2444651.1351685
-3.4826616 -30.0675123 0.6993672 -0.0091637 0.2454559 -0.6677605 0.7026829 2444710.9940276
-3.2970391 -30.0879787 0.6955038 0.1205749 0.2140002 -0.2015841 0.9481716 2444770.8528868
-3.1112544 -30.1072890 0.6916119 0.2147011 0.1193303 0.3241410 0.9135625 2444830.7117344
-2.9253175 -30.1254316 0.6876950 0.2454098 -0.0105913 0.7541112 0.6090798 2444890.5705936
-2.7392386 -30.1424039 0.6837533 0.2036281 -0.1373884 0.9613101 0.1246708 2444950.4294527
-2.5530201 -30.1582124 0.6797831 0.1016957 -0.2236064 0.8845301 -0.3965660 2445010.2883119
-2.3666652 -30.1728548 0.6757828 0.0302796 0.2437762 -0.5464531 0.8006531 2445070.1471710
-2.1801881 -30.1863191 0.6717559 0.1533147 0.1919379 -0.0469501 0.9682201 2445130.0060302
-1.9936035 -30.1985988 0.6677056 0.2310661 0.0834016 0.4664213 0.8497669 2445189.8648778
-1.8069153 -30.2096959 0.6636303 0.2405656 -0.0497738 0.8420071 0.4802861 2445249.7237370
-1.6201281 -30.2196101 0.6595263 0.1790050 -0.1682507 0.9688567 -0.0310743 2445309.5825961
-1.4332574 -30.2283394 0.6553940 -0.0645664 0.2370318 -0.8094981 0.5332541 2445369.4414553
-1.2463159 -30.2358837 0.6512371 0.0689477 0.2357985 -0.4110077 0.8779054 2445429.3003144
-1.0593054 -30.2422380 0.6470574 0.1820996 0.1649130 0.1088969 0.9632159 2445489.1591736
-0.8722306 -30.2473927 0.6428527 0.2414647 0.0453119 0.5966315 0.7639846 2445549.0180212
-0.6851095 -30.2513484 0.6386203 0.2295057 -0.0876773 0.9081154 0.3390666 2445608.8768804
-0.4979594 -30.2541137 0.6343613 0.1497530 -0.1947717 0.9513343 -0.1860135 2445668.7357395
-0.3107846 -30.2556881 0.6300791 -0.0257626 0.2443360 -0.7135214 0.6561428 2445728.5945986
-0.1235882 -30.2560612 0.6257749 0.1058414 0.2217277 -0.2649291 0.9324414 2445788.4534578
0.0636181 -30.2552310 0.6214464 0.2061851 0.1336230 0.2619245 0.9332889 2445848.3123170
0.2508209 -30.2532041 0.6170910 0.2456270 0.0060449 0.7114025 0.6584355 2445908.1711761
0.4380088 -30.2499801 0.6127106 0.2125148 -0.1233225 0.9507258 0.1890755 2445968.0300353
0.6251673 -30.2455535 0.6083088 0.1166272 -0.2162657 0.9091966 -0.3361380 2446027.8888945
0.8122860 -30.2399276 0.6038862 0.0137135 0.2453293 -0.5990837 0.7620526 2446087.7477536
0.9993631 -30.2331103 0.5994394 0.1400073 0.2019264 -0.1119973 0.9628501 2446147.6066128
1.1863915 -30.2251004 0.5949667 0.2249483 0.0988755 0.4081731 0.8792136 2446207.4654719
1.3733516 -30.2158926 0.5904713 0.2434447 -0.0333850 0.8077650 0.5358506 2446267.3243195
1.5602277 -30.2054898 0.5859565 0.1900310 -0.1557879 0.9687358 0.0341938 2446327.1831787
1.7470170 -30.1938990 0.5814208 0.0804828 -0.2321765 0.8435342 -0.4775633 2446387.0420379
1.9337147 -30.1811231 0.5768614 0.0528422 0.2399851 -0.4691461 0.8482434 2446446.9008970
2.1203057 -30.1671656 0.5722782 0.1705622 0.1769053 0.0438308 0.9683449 2446506.7597561
2.3067778 -30.1520318 0.5676744 0.2379035 0.0615679 0.5438588 0.8023895 2446566.6186153
2.4931278 -30.1357209 0.5630518 0.2349729 -0.0719593 0.8832256 0.3994022 2446626.4774745
2.6793484 -30.1182300 0.5584089 0.1626341 -0.1842344 0.9616799 -0.1215710 2446686.3363337
2.8654240 -30.0995686 0.5537434 -0.0422531 0.2420921 -0.7560462 0.6066302 2446746.1951928
3.0513440 -30.0797518 0.5490557 0.0906125 0.2284404 -0.3270708 0.9124851 2446806.0540520
3.2371079 -30.0587811 0.5443488 0.1967160 0.1473098 0.1985231 0.9487841 2446865.9129111
3.4227113 -30.0366508 0.5396241 0.2447151 0.0226634 0.6654708 0.7048046 2446925.7717703
3.6081442 -30.0133655 0.5348796 0.2204297 -0.1086811 0.9358322 0.2526207 2446985.6306294
3.7933992 -29.9889371 0.5301132 0.1310313 -0.2079263 0.9297409 -0.2741885 2447045.4894886
3.9784699 -29.9633695 0.5253260 -0.0029254 0.2457554 -0.6489967 0.7199993 2447105.3483478
4.1633468 -29.9366636 0.5205210 0.1260483 0.2109924 -0.1765342 0.9531158 2447165.2071953
4.3480262 -29.9088261 0.5156990 0.2177925 0.1139040 0.3480770 0.9046738 2447225.0660545
4.5325124 -29.8798636 0.5108571 0.2452061 -0.0168331 0.7698626 0.5889841 2447284.9249136
4.7168012 -29.8497751 0.5059939 0.2001897 -0.1426015 0.9642238 0.0993043 2447344.7837728
4.9008772 -29.8185608 0.5011117 0.0960384 -0.2262508 0.8737453 -0.4197098 2447404.6426320
5.0847324 -29.7862285 0.4962128 0.0364843 0.2430707 -0.5251557 0.8147374 2447464.5014912
5.2683719 -29.7527848 0.4912965 0.1582338 0.1880911 -0.0214314 0.9690844 2447524.3603503
5.4517964 -29.7182291 0.4863606 0.2332463 0.0775502 0.4886229 0.8371558 2447584.2192094
5.6349970 -29.6825638 0.4814047 0.2393629 -0.0559012 0.8543332 0.4579250 2447644.0780686
5.8179680 -29.6457936 0.4764309 0.1747749 -0.1728437 0.9676660 -0.0565799 2447703.9369278
6.0007094 -29.6079157 0.4714406 -0.0585588 0.2387337 -0.7951424 0.5543697 2447763.7957870
6.1832166 -29.5689266 0.4664330 0.0749580 0.2341065 -0.3877276 0.8883933 2447823.6546461
6.3654811 -29.5288345 0.4614064 0.1863369 0.1603271 0.1342242 0.9599779 2447883.5135053
6.5475018 -29.4876485 0.4563608 0.2426773 0.0391871 0.6165243 0.7479772 2447943.3723528
6.7292809 -29.4453630 0.4512980 0.2273354 -0.0935316 0.9166972 0.3150185 2448003.2312120
6.9108120 -29.4019695 0.4462191 0.1448412 -0.1986259 0.9460700 -0.2109985 2448063.0900712
7.0920861 -29.3574711 0.4411234 -0.0195604 0.2450515 -0.6959661 0.6746839 2448122.9489303
7.2731007 -29.3118743 0.4360092 0.1115016 0.2190933 -0.2402686 0.9390615 2448182.8077895
7.4538527 -29.2651781 0.4308767 0.2096311 0.1284171 0.2864053 0.9260323 2448242.6666487
7.6343335 -29.2173805 0.4257281 0.2458409 -0.0001943 0.7284719 0.6394458 2448302.5254962
7.8145406 -29.1684836 0.4205640 0.2094334 -0.1287518 0.9553413 0.1639624 2448362.3843554
7.9944763 -29.1184859 0.4153830 0.1111611 -0.2192812 0.8999948 -0.3599560 2448422.2432146
8.1741333 -29.0673811 0.4101843 0.0199494 0.2450402 -0.5787828 0.7775396 2448482.1020737
8.3534962 -29.0151695 0.4049689 0.1451707 0.1984181 -0.0865942 0.9654311 2448541.9609329
8.5325590 -28.9618580 0.3997381 0.2275137 0.0931847 0.4311741 0.8681261 2448601.8197920
8.7113249 -28.9074465 0.3944918 0.2426544 -0.0395770 0.8215693 0.5143700 2448661.6786512
8.8897897 -28.8519278 0.3892294 0.1861186 -0.1606518 0.9692656 0.0086654 2448721.5375103
9.0679421 -28.7953014 0.3839508 0.0746043 -0.2342753 0.8306329 -0.4995982 2448781.3963695
9.2457748 -28.7375706 0.3786564 0.0589501 0.2386990 -0.4466247 0.8602755 2448841.2552171
9.4232832 -28.6787318 0.3733470 0.1750950 0.1726142 0.0693192 0.9668200 2448901.1140763
9.6004571 -28.6187819 0.3680229 0.2395221 0.0555398 0.5647849 0.7877579 2448960.9729354
9.7772879 -28.5577273 0.3626841 0.2331993 -0.0779435 0.8934077 0.3759861 2449020.8317946
9.9537756 -28.4955711 0.3573300 0.1579924 -0.1884067 0.9581102 -0.1468543 2449080.6906537
10.1299163 -28.4323052 0.3519609 -0.0361146 0.2432201 -0.7397791 0.6263119 2449140.5495129
10.3056954 -28.3679247 0.3465777 0.0964341 0.2261909 -0.3029117 0.9207511 2449200.4083605
10.4811003 -28.3024346 0.3411811 0.2005009 0.1423475 0.2234375 0.9431926 2449260.2672197
10.6561283 -28.2358386 0.3357707 0.2453451 0.0164544 0.6837806 0.6870073 2449320.1260788
10.8307744 -28.1681342 0.3303461 0.2177189 -0.1143024 0.9421287 0.2278750 2449379.9849380
11.0050269 -28.0993214 0.3249078 0.1257807 -0.2112991 0.9221639 -0.2985727 2449439.8437971
11.1788779 -28.0294031 0.3194564 0.0033138 0.2458835 -0.6297845 0.7368187 2449499.7026563
11.3523232 -27.9583766 0.3139925 0.1314327 0.2078380 -0.1513622 0.9574018 2449559.5615039
11.5253508 -27.8862367 0.3085162 0.2207315 0.1083991 0.3717729 0.8951604 2449619.4203631
11.6979459 -27.8129888 0.3030274 0.2448315 -0.0230620 0.7850825 0.5684815 2449679.2792222
11.8701028 -27.7386427 0.2975256 0.1966122 -0.1477143 0.9664717 0.0738691 2449739.1380814
12.0418192 -27.6631968 0.2920115 0.0903151 -0.2287369 0.8623571 -0.4425640 2449798.9969405
12.2130841 -27.5866437 0.2864867 0.0426625 0.2421958 -0.5034954 0.8282593 2449858.8557997
12.3838841 -27.5089858 0.2809514 0.1630416 0.1841138 0.0041023 0.9692795 2449918.7146588
12.5542117 -27.4302298 0.2754041 0.2352634 0.0716456 0.5104873 0.8239665 2449978.5735180
12.7240578 -27.3503761 0.2698447 0.2379935 -0.0619886 0.8660694 0.4352474 2450038.4323772
12.8934078 -27.2694267 0.2642751 0.1704236 -0.1773155 0.9658071 -0.0820467 2450098.2912247
13.0622528 -27.1873885 0.2586965 -0.0525113 0.2402687 -0.7802374 0.5751027 2450158.1500839
13.2305922 -27.1042630 0.2531084 0.0809151 0.2322515 -0.3641796 0.8982679 2450218.0089430
13.3984168 -27.0200466 0.2475094 0.1904436 0.1556302 0.1594591 0.9560770 2450277.8678022
13.5657064 -26.9347435 0.2418998 0.2437204 0.0330360 0.6359915 0.7314532 2450337.7266614
13.7324479 -26.8483646 0.2362818 0.2250070 -0.0993196 0.9246461 0.2907526 2450397.5855206
13.8986396 -26.7609141 0.2306564 0.1398291 -0.2023408 0.9401523 -0.2358380 2450457.4443797
14.0642759 -26.6723918 0.2250225 -0.0133456 0.2455960 -0.6779299 0.6927593 2450517.3032388
14.2293434 -26.5828035 0.2193791 0.1170830 0.2163066 -0.2154420 0.9450332 2450577.1620980
14.3938316 -26.4921584 0.2137267 0.2129302 0.1231225 0.3106886 0.9181363 2450637.0209456
14.5577327 -26.4004571 0.2080674 0.2458832 -0.0064325 0.7450384 0.6200145 2450696.8798048
14.7210335 -26.3077008 0.2024025 0.2062065 -0.1340905 0.9592971 0.1387359 2450756.7386639
14.8837240 -26.2139025 0.1967306 0.1056184 -0.2221432 0.8901714 -0.3835257 2450816.5975231
15.0458018 -26.1190765 0.1910498 0.0261704 0.2445801 -0.5580820 0.7924898 2450876.4563822
15.2072612 -26.0232238 0.1853615 0.1502319 0.1947720 -0.0611312 0.9673454 2450936.3152414
15.3680882 -25.9263435 0.1796686 0.2299201 0.0874299 0.4538776 0.8564391 2450996.1741006
15.5282731 -25.8284455 0.1739717 0.2416950 -0.0457404 0.8348064 0.4925339 2451056.0329597
15.6878138 -25.7295423 0.1682680 0.1820770 -0.1654028 0.9691261 -0.0168692 2451115.8918189
15.8467034 -25.6296411 0.1625565 -0.0686746 0.2362104 -0.8171579 0.5212883 2451175.7506781
16.0049300 -25.5287504 0.1568397 0.0650159 0.2372465 -0.4237948 0.8717138 2451235.6095256
16.1624899 -25.4268793 0.1511200 0.1795049 0.1682035 0.0947600 0.9646275 2451295.4683848
16.3193864 -25.3240305 0.1453968 0.2409734 0.0494739 0.5853212 0.7725822 2451355.3272440
16.4756123 -25.2202068 0.1396674 0.2312633 -0.0838723 0.9029730 0.3523102 2451415.1861031
16.6311522 -25.1154218 0.1339316 0.1532411 -0.1924470 0.9538788 -0.1720365 2451475.0449623
16.7860010 -25.0096903 0.1281921 -0.0299519 0.2441782 -0.7230010 0.6455614 2451534.9038214
16.9401642 -24.9030153 0.1224509 0.1021875 0.2237839 -0.2785432 0.9283815 2451594.7626806
17.0936411 -24.7953971 0.1167067 0.2041453 0.1372866 0.2481979 0.9369498 2451654.6215397
17.2464242 -24.6868459 0.1109569 0.2458039 0.0102348 0.7016185 0.6687355 2451714.4803989
17.3985092 -24.5773729 0.1052017 0.2148566 -0.1198431 0.9477746 0.2029717 2451774.3392581
17.5498924 -24.4669798 0.0994440 0.1204431 -0.2145241 0.9139501 -0.3227509 2451834.1981173
17.7005682 -24.3556686 0.0936860 0.0095497 0.2458400 -0.6101373 0.7531294 2451894.0569764
17.8505376 -24.2434519 0.0879251 0.1367247 0.2045391 -0.1260855 0.9610268 2451953.9158355
17.9998060 -24.1303392 0.0821586 0.2235161 0.1028194 0.3952123 0.8850288 2452013.7746947
18.1483684 -24.0163283 0.0763878 0.2442861 -0.0292739 0.7997604 0.5475862 2452073.6335539
18.2962136 -23.9014185 0.0706165 0.1928980 -0.1527231 0.9680522 0.0483826 2452133.4924130
18.4433396 -23.7856181 0.0648453 0.0845296 -0.2310630 0.8503733 -0.4651128 2452193.3512722
18.5897520 -23.6689349 0.0590708 0.0488100 0.2411521 -0.4814873 0.8412094 2452253.2101314
18.7354479 -23.5513724 0.0532912 0.1677349 0.1800086 0.0296334 0.9688053 2452313.0689905
18.8804184 -23.4329355 0.0475092 0.2371161 0.0656919 0.5319994 0.8102081 2452372.9278497
19.0246631 -23.3136269 0.0417278 0.2364582 -0.0680317 0.8772077 0.4122691 2452432.7867088
19.1681864 -23.1934425 0.0359465 0.1659541 -0.1816628 0.9632813 -0.1074570 2452492.6455680
19.3109822 -23.0723833 0.0301620 -0.0464281 0.2416359 -0.7647936 0.5954387 2452552.5044272
19.4530385 -22.9504620 0.0243735 0.0868147 0.2302348 -0.3403799 0.9075223 2452612.3632863
19.5943547 -22.8276867 0.0185839 0.1944167 0.1508254 0.1845841 0.9515159 2452672.2221455
19.7349355 -22.7040513 0.0127959 0.2445933 0.0268628 0.6550198 0.7144239 2452732.0810046
19.8747772 -22.5795507 0.0070083 0.2225218 -0.1050374 0.9319566 0.2662857 2452791.9398638
20.0138723 -22.4541930 0.0012179 0.1347203 -0.2059140 0.9335855 -0.2605149 2452851.7987230
20.1522158 -22.3279862 -0.0045757 -0.0071225 0.2459690 -0.6594256 0.7103566 2452911.6575821
20.2898010 -22.2009283 -0.0103687 0.1225820 0.2133693 -0.1904664 0.9503525 2452971.5164413
20.4266220 -22.0730189 -0.0161587 0.2160803 0.1177428 0.3347575 0.9096061 2453031.3753004
20.5626811 -21.9442654 -0.0219483 0.2457539 -0.0126652 0.7610905 0.6001548 2453091.2341596
20.6979805 -21.8146711 -0.0277407 0.2028361 -0.1393348 0.9625906 0.1134133 2453151.0930187
20.8325082 -21.6842319 -0.0335347 0.1000027 -0.2248498 0.8797333 -0.4068308 2453210.9518779
20.9662496 -21.5529489 -0.0393258 0.0323721 0.2439494 -0.5369957 0.8068930 2453270.8107371
21.0992033 -21.4208290 -0.0451135 0.1551876 0.1909905 -0.0356257 0.9685919 2453330.6695963
21.2313739 -21.2878754 -0.0509008 0.2321656 0.0816148 0.4762678 0.8441606 2453390.5284554
21.3627544 -21.1540890 -0.0566901 0.2405671 -0.0518709 0.8474672 0.4703576 2453450.3873145
21.4933318 -21.0194746 -0.0624786 0.1779090 -0.1700376 0.9683173 -0.0423924 2453510.2461737
21.6231018 -20.8840329 -0.0682630 -0.0626979 0.2379803 -0.8031185 0.5426187 2453570.1050329
21.7520637 -20.7477592 -0.0740434 0.0710355 0.2356287 -0.4006721 0.8825502 2453629.9638921
21.8802077 -20.6106574 -0.0798230 0.1837889 0.1636760 0.1201356 0.9617688 2453689.8227512
22.0075227 -20.4727418 -0.0856030 0.2422563 0.0433744 0.6054535 0.7568729 2453749.6815988
22.1340069 -20.3340177 -0.0913807 0.2291661 -0.0897418 0.9119149 0.3283908 2453809.5404579
22.2596585 -20.1944765 -0.0971527 0.1483836 -0.1963524 0.9489887 -0.1971000 2453869.3993171
22.3844677 -20.0541158 -0.1029199 -0.0237692 0.2449657 -0.7057235 0.6643652 2453929.2581763
22.5084260 -19.9129468 -0.1086858 0.1078688 0.2212210 -0.2539821 0.9353709 2453989.1170354
22.6315269 -19.7709784 -0.1144509 0.2076467 0.1321306 0.2727871 0.9300600 2454048.9758946
22.7537601 -19.6282099 -0.1202113 0.2460911 0.0040091 0.7189721 0.6500018 2454108.8347537
22.8751176 -19.4846430 -0.1259643 0.2118448 -0.1252993 0.9527662 0.1779281 2454168.6936129
22.9956001 -19.3402844 -0.1317123 0.1150221 -0.2175988 0.9051051 -0.3467064 2454228.5524721
23.1152043 -19.1951367 -0.1374584 0.0157782 0.2456249 -0.5900687 0.7689203 2454288.4113312
23.2339129 -19.0492011 -0.1432015 0.1419205 0.2010979 -0.1007215 0.9639883 2454348.2701904
23.3517098 -18.9024851 -0.1489374 0.2261442 0.0971688 0.4183790 0.8742860 2454408.1290496
23.4685945 -18.7549980 -0.1546651 0.2435702 -0.0354645 0.8138863 0.5263126 2454467.9879087
23.5845693 -18.6067418 -0.1603875 0.1890498 -0.1576247 0.9689644 0.0228625 2454527.8467679
23.6996233 -18.4577202 -0.1661065 0.0786860 -0.2332276 0.8378022 -0.4873406 2454587.7056270
23.8137409 -18.3079424 -0.1718200 0.0549226 0.2399401 -0.4591466 0.8535787 2454647.5644862
23.9269160 -18.1574132 -0.1775247 0.1723105 0.1757784 0.0551442 0.9676622 2454707.4233454
24.0391440 -18.0061321 -0.1832203 0.2388030 0.0596932 0.5531443 0.7958902 2454767.2822045
24.1504145 -17.8541092 -0.1889096 0.2347581 -0.0740266 0.8877404 0.3890059 2454827.1410637
24.2607193 -17.7013618 -0.1945938 0.1613694 -0.1858828 0.9600903 -0.1327934 2454886.9999112
24.3700556 -17.5478960 -0.2002706 -0.0403133 0.2428343 -0.7488216 0.6153638 2454946.8587704
24.4784155 -17.3937080 -0.2059368 0.0926530 0.2280575 -0.3163450 0.9161501 2455006.7176296
24.5857873 -17.2388037 -0.2115927 0.1982537 0.1459160 0.2095819 0.9462978 2455066.5764887
24.6921648 -17.0832009 -0.2172415 0.2452954 0.0206716 0.6735959 0.6969013 2455126.4353479
24.7975442 -16.9269122 -0.2228838 0.2198817 -0.1106812 0.9386237 0.2416347 2455186.2942071
24.9019158 -16.7699423 -0.2285163 0.1295180 -0.2093431 0.9263739 -0.2850122 2455246.1530662
25.0052729 -16.6122988 -0.2341364 -0.0008951 0.2461702 -0.6404657 0.7274635 2455306.0119254
25.1076174 -16.4539919 -0.2397459 0.1279946 0.2102834 -0.1653590 0.9550155 2455365.8707845
25.2089457 -16.2950286 -0.2453475 0.2190792 0.1122816 0.3585955 0.9004479 2455425.7296437
25.3092429 -16.1354180 -0.2509404 0.2454531 -0.0188882 0.7766173 0.5798806 2455485.5885029
25.4084994 -15.9751765 -0.2565214 0.1993246 -0.1444812 0.9652195 0.0880122 2455545.4473620
25.5067205 -15.8143158 -0.2620894 0.0943180 -0.2273991 0.8686877 -0.4298551 2455605.3062212
25.6039103 -15.6528392 -0.2676464 0.0385505 0.2431485 -0.5155385 0.8207391 2455665.1650803
25.7000603 -15.4907550 -0.2731941 0.1600343 0.1870762 -0.0100954 0.9691696 2455725.0239395
25.7951614 -15.3280789 -0.2787312 0.2342488 0.0757435 0.4983294 0.8312992 2455784.8827987
25.8892135 -15.1648197 -0.2842553 0.2392714 -0.0579645 0.8595429 0.4478563 2455844.7416578
25.9822167 -15.0009815 -0.2897658 0.1736172 -0.1745532 0.9668400 -0.0678865 2455904.6005170
26.0741681 -14.8365778 -0.2952646 -0.0566782 0.2395839 -0.7885245 0.5635745 2455964.4593761
26.1650694 -14.6716244 -0.3007531 0.0770047 0.2338466 -0.3772725 0.8927774 2456024.3182353
26.2549235 -14.5061259 -0.3062298 0.1879441 0.1590348 0.1454284 0.9582461 2456084.1770944
26.3437248 -14.3400814 -0.3116924 0.2433699 0.0372453 0.6251679 0.7406409 2456144.0359420
26.4314676 -14.1735012 -0.3171407 0.2269092 -0.0955479 0.9202272 0.3042446 2456203.8948012
26.5181557 -14.0064014 -0.3225772 0.1434230 -0.2001202 0.9434434 -0.2220276 2456263.7536604
26.6037934 -13.8387901 -0.3280025 -0.0175706 0.2455822 -0.6879586 0.6827105 2456323.6125195
26.6883766 -13.6706701 -0.3334146 0.1134741 0.2185041 -0.2292455 0.9417144 2456383.4713787
26.7719038 -13.5020481 -0.3388116 0.2110028 0.1268830 0.2971881 0.9225279 2456443.3302378
26.8543805 -13.3329306 -0.3441945 0.2462064 -0.0022188 0.7358293 0.6308191 2456503.1890970
26.9358064 -13.1633202 -0.3495652 0.2086854 -0.1306674 0.9571000 0.1527614 2456563.0479562
27.0161732 -12.9932254 -0.3549232 0.1095215 -0.2205213 0.8956352 -0.3704227 2456622.9068153
27.0954801 -12.8226594 -0.3602669 0.0219948 0.2452384 -0.5695924 0.7841804 2456682.7656745
27.1737362 -12.6516263 -0.3655955 0.1470165 0.1975166 -0.0752877 0.9662842 2456742.6245336
27.2509438 -12.4801221 -0.3709097 0.2286142 0.0914509 0.4412571 0.8629395 2456802.4833928
27.3270955 -12.3081517 -0.3762105 0.2426844 -0.0416296 0.8274503 0.5046754 2456862.3422520
27.4021871 -12.1357270 -0.3814976 0.1850700 -0.1624157 0.9692075 -0.0026735 2456922.2011111
27.4762211 -11.9628520 -0.3867699 -0.0727880 0.2352290 -0.8246526 0.5092321 2456982.0599703
27.5491962 -11.7895278 -0.3920265 0.0609961 0.2385608 -0.4364887 0.8653588 2457041.9188294
27.6211104 -11.6157620 -0.3972679 0.1767653 0.1714259 0.0806172 0.9658510 2457101.7776886
27.6919671 -11.4415621 -0.4024951 0.2403229 0.0536535 0.5739075 0.7810226 2457161.6365477
27.7617669 -11.2669266 -0.4077078 0.2328943 -0.0799692 0.8976603 0.3654740 2457221.4954069
27.8305005 -11.0918555 -0.4129046 0.1566725 -0.1899725 0.9562364 -0.1580383 2457281.3542661
27.8981616 -10.9163587 -0.4180850 -0.0341710 0.2438630 -0.7323324 0.6348641 2457341.2131253
27.9647553 -10.7404461 -0.4232498 0.0984259 0.2257213 -0.2920915 0.9241454 2457401.0719844
28.0302847 -10.5641180 -0.4283993 0.2019517 0.1409052 0.2344351 0.9404262 2457460.9308435
28.0947429 -10.3873743 -0.4335330 0.2458261 0.0144667 0.6917071 0.6788973 2457520.7897027
28.1581248 -10.2102219 -0.4386500 0.2170883 -0.1162471 0.9446427 0.2168167 2457580.6485619
28.2204312 -10.0326649 -0.4437503 0.1242259 -0.2126255 0.9185227 -0.3093128 2457640.5074211
28.2816574 -9.8547035 -0.4488338 0.0053322 0.2461996 -0.6210635 0.7440682 2457700.3662802
28.3417960 -9.6763456 -0.4539005 0.1333173 0.2070510 -0.1401373 0.9590192 2457760.2251394
28.4008478 -9.4976030 -0.4589505 0.2219248 0.1067425 0.3821861 0.8906679 2457820.0839985
28.4588163 -9.3184761 -0.4639835 0.2449809 -0.0250974 0.7916080 0.5592059 2457879.9428577
28.5156950 -9.1389606 -0.4689985 0.1956743 -0.1495261 0.9671820 0.0625502 2457939.8017168
28.5714738 -8.9590629 -0.4739951 0.0885680 -0.2297893 0.8570422 -0.4525829 2457999.6605760
28.6261506 -8.7787943 -0.4789739 0.0447013 0.2421779 -0.4937252 0.8340186 2458059.5194352
28.6797263 -8.5981592 -0.4839356 0.1647687 0.1830316 0.0154420 0.9690780 2458119.3782943
28.7321947 -8.4171601 -0.4888791 0.2361681 0.0698200 0.5200470 0.8178636 2458179.2371535
28.7835502 -8.2358037 -0.4938030 0.2378087 -0.0640170 0.8710253 0.4250456 2458239.0960126
28.8337940 -8.0540941 -0.4987074 0.1692047 -0.1789465 0.9646951 -0.0933340 2458298.9548718
28.8829228 -7.8720309 -0.5035933 -0.0506195 0.2410200 -0.7733860 0.5841414 2458358.8137310
28.9309236 -7.6896205 -0.5084608 0.0829195 0.2319013 -0.3536123 0.9023882 2458418.6725901
28.9777892 -7.5068773 -0.5133087 0.1919676 0.1542829 0.1706209 0.9540617 2458478.5314493
29.0235236 -7.3238080 -0.5181359 0.2443134 0.0310909 0.6444508 0.7238974 2458538.3903084
29.0681263 -7.1404103 -0.5229423 0.2244941 -0.1012867 0.9279041 0.2798880 2458598.2491676
29.1115876 -6.9566882 -0.5277289 0.1383628 -0.2037479 0.9372466 -0.2468022 2458658.1080268
29.1539001 -6.7726543 -0.5324961 -0.0113604 0.2460271 -0.6697186 0.7005845 2458717.9668859
29.1950604 -6.5883152 -0.5372427 0.1189996 0.2156348 -0.2043505 0.9474078 2458777.8257451
29.2350613 -6.4036732 -0.5419667 0.2142111 0.1215473 0.3213841 0.9143589 2458837.6846042
29.2738976 -6.2187386 -0.5466683 0.2461497 -0.0084445 0.7521786 0.6112007 2458897.5434634
29.3115710 -6.0335240 -0.5513496 0.2053806 -0.1359437 0.9607730 0.1274891 2458957.4023225
29.3480787 -5.8480319 -0.5560105 0.1039450 -0.2232895 0.8855468 -0.3938835 2459017.2611817
29.3834076 -5.6622643 -0.5606488 0.0281955 0.2446806 -0.5487228 0.7988991 2459077.1200409
29.4175479 -5.4762333 -0.5652625 0.1520095 0.1937978 -0.0498018 0.9679129 2459136.9789001
29.4505011 -5.2899528 -0.5698533 0.2309242 0.0856698 0.4638306 0.8509970 2459196.8377592
29.4822682 -5.1034304 -0.5744229 0.2416292 -0.0477651 0.8404431 0.4826897 2459256.6966184
29.5128398 -4.9166745 -0.5789706 0.1809613 -0.1670928 0.9687814 -0.0282079 2459316.5554775
29.5422086 -4.7296958 -0.5834934 -0.0668398 0.2370660 -0.8109335 0.5307722 2459376.4143367
29.5703762 -4.5425008 -0.5879907 0.0670265 0.2370150 -0.4135292 0.8765415 2459436.2731959
29.5973392 -4.3550950 -0.5924643 0.1810962 0.1669540 0.1060347 0.9633728 2459496.1320550
29.6230866 -4.1674945 -0.5969156 0.2416749 0.0475769 0.5942745 0.7656157 2459555.9909142
29.6476156 -3.9797190 -0.6013432 0.2308680 -0.0858553 0.9069604 0.3416896 2459615.8497733
29.6709311 -3.7917752 -0.6057447 0.1518666 -0.1939291 0.9517223 -0.1831742 2459675.7086325
29.6930316 -3.6036636 -0.6101193 -0.0280055 0.2447212 -0.7153374 0.6539263 2459735.5674916
29.7139103 -3.4153967 -0.6144694 0.1041296 0.2232277 -0.2676362 0.9315027 2459795.4263508
29.7335648 -3.2269948 -0.6187965 0.2055084 0.1357964 0.2591266 0.9339052 2459855.2852100
29.7519944 -3.0384691 -0.6230986 0.2461850 0.0082522 0.7093409 0.6604244 2459915.1440691
29.7691962 -2.8498263 -0.6273727 0.2141436 -0.1217313 0.9500095 0.1918489 2459975.0029283
29.7851730 -2.6610795 -0.6316191 0.1188475 -0.2157592 0.9100372 -0.3334000 2460034.8617874
29.7999326 -2.4722427 -0.6358411 0.0115552 0.2460569 -0.6012324 0.7601593 2460094.7206466
29.8134742 -2.2833224 -0.6400394 0.1385464 0.2036743 -0.1148187 0.9623608 2460154.5795058
29.8257882 -2.0943274 -0.6442108 0.2246151 0.1011294 0.4055129 0.8802728 2460214.4383649
29.8368740 -1.9052733 -0.6483530 0.2443376 -0.0312886 0.8060522 0.5381449 2460274.2972241
29.8467442 -1.7161726 -0.6524677 0.1918875 -0.1544662 0.9684767 0.0370448 2460334.1560832
29.8554057 -1.5270319 -0.6565580 0.0827567 -0.2320188 0.8448049 -0.4749982 2460394.0149424
29.8628531 -1.3378618 -0.6606233 0.0508204 0.2410382 -0.4715708 0.8467224 2460453.8738016
29.8690854 -1.1486738 -0.6646604 0.1693877 0.1788595 0.0409690 0.9683174 2460513.7326607
29.8741108 -0.9594721 -0.6686679 0.2379224 0.0638481 0.5414057 0.8038633 2460573.5915199
29.8779326 -0.7702625 -0.6726481 0.2361800 -0.0700242 0.8819063 0.4019414 2460633.4503791
29.8805496 -0.5810617 -0.6766035 0.1646743 -0.1832143 0.9618842 -0.1187171 2460693.3092382
29.8819675 -0.3918851 -0.6805332 -0.0445260 0.2422876 -0.7577133 0.6043051 2460753.1680973
29.8821942 -0.2027323 -0.6844337 0.0887760 0.2297943 -0.3297078 0.9113760 2460813.0269565
29.8812306 -0.0136005 -0.6883041 0.1958567 0.1494238 0.1956958 0.9492185 2460872.8858157
29.8790767 0.1754986 -0.6921474 0.2450862 0.0249152 0.6632889 0.7066540 2460932.7446749
29.8757372 0.3645487 -0.6959661 0.2219223 -0.1069543 0.9349405 0.2553381 2460992.6035340
29.8712148 0.5535440 -0.6997580 0.1332064 -0.2072330 0.9304027 -0.2714064 2461052.4623932
29.8655097 0.7424837 -0.7035193 -0.0051427 0.2463000 -0.6510161 0.7179748 2461112.3212523
29.8586287 0.9313610 -0.7072504 0.1244415 0.2126150 -0.1793142 0.9524472 2461172.1801115
29.8505813 1.1201694 -0.7109553 0.2172695 0.1161271 0.3453583 0.9055584 2461232.0389706
29.8413655 1.3089058 -0.7146351 0.2459212 -0.0146638 0.7680087 0.5911602 2461291.8978298
29.8309726 1.4975624 -0.7182864 0.2019325 -0.1411247 0.9637826 0.1021285 2461351.7566890
29.8194068 1.6861287 -0.7219064 0.0982963 -0.2259014 0.8748469 -0.4170724 2461411.6155481
29.8066829 1.8746021 -0.7254968 0.0343761 0.2439520 -0.5274741 0.8130663 2461471.4744073
29.7928050 2.0629823 -0.7290611 0.1568958 0.1899439 -0.0242814 0.9688733 2461531.3332664
29.7777653 2.2512608 -0.7325991 0.2330728 0.0798292 0.4860839 0.8384669 2461591.1921256
29.7615623 2.4394299 -0.7361073 0.2404052 -0.0538667 0.8528556 0.4603705 2461651.0509848
29.7442025 2.6274901 -0.7395839 0.1767265 -0.1716528 0.9676864 -0.0537230 2461710.9098439
29.7256875 2.8154386 -0.7430311 -0.0608454 0.2387372 -0.7966544 0.5519459 2461770.7687031
29.7060175 3.0032618 -0.7464518 0.0730096 0.2353037 -0.3902841 0.8871190 2461830.6275622
29.6851966 3.1909504 -0.7498454 0.1853003 0.1623659 0.1313791 0.9602295 2461890.4864214
29.6632263 3.3785093 -0.7532080 0.2428580 0.0414674 0.6142314 0.7496801 2461950.3452806
29.6401022 3.5659409 -0.7565382 0.2286805 -0.0916810 0.9156343 0.3176691 2462010.2041397
29.6158247 3.7532331 -0.7598391 0.1469549 -0.1977500 0.9465510 -0.2081838 2462070.0629989
29.5903992 3.9403725 -0.7631137 -0.0218208 0.2454084 -0.6978485 0.6725370 2462129.9218581
29.5638250 4.1273570 -0.7663597 0.1097601 0.2205783 -0.2429959 0.9382169 2462189.7807172
29.5360985 4.3141867 -0.7695730 0.2089213 0.1305932 0.2836394 0.9267395 2462249.6395763
29.5072238 4.5008567 -0.7727538 0.2463720 0.0020324 0.7264849 0.6414954 2462309.4984355
29.4772066 4.6873630 -0.7759059 0.2110494 -0.1271300 0.9547204 0.1667484 2462369.3572947
29.4460406 4.8737007 -0.7790308 0.1133865 -0.2187419 0.9009233 -0.3572571 2462429.2161539
29.4137163 5.0598590 -0.7821251 0.0177697 0.2457424 -0.5809860 0.7757256 2462489.0750130
29.3802385 5.2458292 -0.7851858 0.1436783 0.2001555 -0.0894207 0.9650380 2462548.9338722
29.3456182 5.4316131 -0.7882142 0.2271483 0.0954460 0.4285599 0.8692699 2462608.7927313
29.3098533 5.6172096 -0.7912138 0.2435237 -0.0374574 0.8199400 0.5167123 2462668.6515905
29.2729334 5.8026069 -0.7941847 0.1879670 -0.1592980 0.9691027 0.0115137 2462728.5104497
29.2348566 5.9877954 -0.7971236 0.0768879 -0.2340860 0.8319842 -0.4970858 2462788.3693088
29.1956264 6.1727751 -0.8000282 0.0569035 0.2397302 -0.4490907 0.8588416 2462848.2281680
29.1552427 6.3575415 -0.8029004 0.1738880 0.1745627 0.0664678 0.9668882 2462908.0870271
29.1137057 6.5420812 -0.8057432 0.2395103 0.0578320 0.5623907 0.7893079 2462967.9458863
29.0710169 6.7263863 -0.8085563 0.2343864 -0.0759822 0.8921785 0.3785594 2463027.8047454
29.0271713 6.9104592 -0.8113358 0.1600292 -0.1873539 0.9584090 -0.1440184 2463087.6636046
28.9821616 7.0942965 -0.8140800 -0.0384017 0.2433859 -0.7415174 0.6240517 2463147.5224638
28.9359894 7.2778825 -0.8167918 0.0945700 0.2275268 -0.3055755 0.9197346 2463207.3813229
28.8886607 7.4612047 -0.8194739 0.1996087 0.1444605 0.2206358 0.9437200 2463267.2401821
28.8401716 7.6442600 -0.8221245 0.2456877 0.0187225 0.6816691 0.6889225 2463327.0990412
28.7905154 7.8270439 -0.8247397 0.2191957 -0.1125468 0.9413313 0.2306117 2463386.9579004
28.7396945 8.0095479 -0.8273195 0.1279572 -0.2105730 0.9229163 -0.2958235 2463446.8167596
28.6877125 8.1917652 -0.8298671 0.0010782 0.2464009 -0.6318640 0.7348696 2463506.6756187
28.6345625 8.3736856 -0.8323837 0.1297962 0.2094470 -0.1541539 0.9568289 2463566.5344779
28.5802379 8.5552927 -0.8348669 0.2201760 0.1106261 0.3690943 0.8961327 2463626.3933370
28.5247450 8.7365769 -0.8373138 0.2455207 -0.0208724 0.7833086 0.5707114 2463686.2521962
28.4680912 8.9175387 -0.8397253 0.1983436 -0.1462067 0.9661268 0.0766974 2463746.1110554
28.4102712 9.0981711 -0.8421040 0.0925792 -0.2283554 0.8635428 -0.4399735 2463805.9699145
28.3512774 9.2784552 -0.8444505 0.0405322 0.2430529 -0.5058612 0.8266722 2463865.8287737
28.2911118 9.4583768 -0.8467623 0.1616722 0.1859574 0.0012560 0.9691648 2463925.6876329
28.2297786 9.6379314 -0.8490371 0.2350584 0.0739332 0.5080018 0.8253578 2463985.5464920
28.1672793 9.8171099 -0.8512761 0.2390134 -0.0599303 0.8646794 0.4377333 2464045.4053512
28.1036179 9.9958962 -0.8534820 0.1723684 -0.1760927 0.9659232 -0.0792011 2464105.2642103
28.0387981 10.1742799 -0.8556549 -0.0548087 0.2402415 -0.7818251 0.5727386 2464165.1230695
27.9728161 10.3522565 -0.8577917 0.0789414 0.2334281 -0.3667694 0.8970840 2464224.9819287
27.9056694 10.5298141 -0.8598910 0.1893747 0.1576646 0.1566329 0.9564231 2464284.8407878
27.8373680 10.7069343 -0.8619547 0.2438713 0.0353293 0.6337643 0.7332268 2464344.6996470
27.7679234 10.8836061 -0.8639854 0.2263333 -0.0974424 0.9236761 0.2934291 2464404.5585061
27.6973352 11.0598249 -0.8659817 0.1419408 -0.2014325 0.9407261 -0.2330497 2464464.4173653
27.6256014 11.2355804 -0.8679409 -0.0156211 0.2459241 -0.6798776 0.6906835 2464524.2762245
27.5527305 11.4108609 -0.8698630 0.1153137 0.2177748 -0.2181877 0.9442833 2464584.1350836
27.4787313 11.5856590 -0.8717501 0.2121880 0.1252989 0.3079565 0.9189338 2464643.9939428
27.4036049 11.7599625 -0.8736033 0.2463868 -0.0041885 0.7431275 0.6221234 2464703.8528019
27.3273557 11.9337551 -0.8754214 0.2078079 -0.1324397 0.9587722 0.1415327 2464763.7116611
27.2499967 12.1070305 -0.8772025 0.1078464 -0.2215716 0.8911874 -0.3808677 2464823.5705202
27.1715368 12.2797904 -0.8789469 0.0239715 0.2452562 -0.5603384 0.7907564 2464883.4293794
27.0919757 12.4520267 -0.8806564 0.1487096 0.1964971 -0.0639608 0.9670488 2464943.2882386
27.0113164 12.6237219 -0.8823316 0.2295226 0.0896962 0.4513111 0.8576667 2465003.1470977
26.9295707 12.7948663 -0.8839716 0.2425397 -0.0435999 0.8332617 0.4949227 2465063.0059569
26.8467472 12.9654591 -0.8855747 0.1839153 -0.1640182 0.9690596 -0.0140255 2465122.8648160
26.7628507 13.1354954 -0.8871413 -0.0709656 0.2359896 -0.8185890 0.5188302 2465182.7236752
26.6778905 13.3049653 -0.8886732 0.0629466 0.2382547 -0.4263004 0.8703679 2465242.5825344
26.5918745 13.4738646 -0.8901710 0.1782666 0.1701441 0.0919208 0.9647915 2465302.4413935
26.5048020 13.6421905 -0.8916330 0.2409307 0.0517758 0.5829876 0.7742074 2465362.3002527
26.4166764 13.8099325 -0.8930582 0.2324291 -0.0818868 0.9018347 0.3549160 2465422.1591119
26.3275125 13.9770807 -0.8944477 0.1552724 -0.1913624 0.9542722 -0.1692204 2465482.0179710
26.2373227 14.1436354 -0.8958027 -0.0322509 0.2443140 -0.7248095 0.6433675 2465541.8768302
26.1461067 14.3095970 -0.8971229 0.1002977 0.2251004 -0.2812321 0.9274582 2465601.7356893
26.0538648 14.4749571 -0.8984072 0.2032211 0.1393964 0.2454235 0.9375698 2465661.5945485
25.9606061 14.6397087 -0.8996555 0.2461175 0.0125170 0.6995787 0.6707154 2465721.4534077
25.8663386 14.8038511 -0.9008683 0.2163160 -0.1180604 0.9470723 0.2057260 2465781.3122668
25.7710649 14.9673785 -0.9020460 0.1226188 -0.2137658 0.9147926 -0.3200363 2465841.1711260
25.6747918 15.1302819 -0.9031888 0.0072981 0.2463296 -0.6122755 0.7512571 2465901.0299851
25.5775293 15.2925614 -0.9042961 0.1350599 0.2061326 -0.1288871 0.9605500 2465960.8888443
25.4792791 15.4542205 -0.9053676 0.2229285 0.1050480 0.3925755 0.8860882 2466020.7477035
25.3800387 15.6152527 -0.9064032 0.2449488 -0.0270663 0.7980677 0.5498685 2466080.6065626
25.2798145 15.7756458 -0.9074035 0.1946162 -0.1511864 0.9678039 0.0512131 2466140.4654218
25.1786186 15.9353967 -0.9083690 0.0867976 -0.2306497 0.8516426 -0.4625709 2466200.3242809
25.0764544 16.0945075 -0.9092992 0.0466598 0.2419840 -0.4838988 0.8397074 2466260.1831401
24.9733212 16.2529745 -0.9101932 0.1663355 0.1818412 0.0267926 0.9687871 2466320.0419992
24.8692255 16.4107925 -0.9110512 0.2368796 0.0679857 0.5295691 0.8116789 2466379.9008584
24.7641728 16.5679611 -0.9118740 0.2374545 -0.0659519 0.8759062 0.4147939 2466439.7597176
24.6581610 16.7244766 -0.9126616 0.1678901 -0.1804093 0.9634932 -0.1046246 2466499.6185767
24.5511924 16.8803278 -0.9134138 -0.0487339 0.2415779 -0.7664560 0.5931360 2466559.4774359
24.4432783 17.0355102 -0.9141299 0.0848178 0.2313895 -0.3430013 0.9064298 2466619.3362950
24.3344240 17.1900298 -0.9148097 0.1933166 0.1528532 0.1817787 0.9519565 2466679.1951542
24.2246260 17.3438857 -0.9154536 0.2447141 0.0291668 0.6528597 0.7162671 2466739.0540134
24.1138842 17.4970662 -0.9160625 0.2238281 -0.1031355 0.9310802 0.2689865 2466798.9128726
24.0022050 17.6495641 -0.9166362 0.1368277 -0.2049741 0.9342517 -0.2577549 2466858.7717317
23.8895917 17.8013802 -0.9171732 -0.0094108 0.2462679 -0.6614373 0.7083532 2466918.6305908
23.7760456 17.9525110 -0.9176730 0.1207865 0.2148193 -0.1932288 0.9496978 2466978.4894500
23.6615728 18.1029494 -0.9181370 0.2153063 0.1199172 0.3320610 0.9104936 2467038.3483092
23.5461786 18.2526948 -0.9185665 0.2462293 -0.0104063 0.7592570 0.6023218 2467098.2071683
23.4298578 18.4017463 -0.9189601 0.2044213 -0.1376566 0.9621620 0.1162192 2467158.0660275
23.3126061 18.5500945 -0.9193160 0.1022312 -0.2242464 0.8808361 -0.4042155 2467217.9248867
23.1944328 18.6977301 -0.9196346 0.0301564 0.2445986 -0.5393038 0.8052413 2467277.7837458
23.0753480 18.8446523 -0.9199177 0.1536368 0.1927013 -0.0384566 0.9683920 2467337.6426050
22.9553485 18.9908597 -0.9201659 0.2317365 0.0838838 0.4737508 0.8454714 2467397.5014641
22.8344297 19.1363441 -0.9203773 0.2413861 -0.0497116 0.8460081 0.4727914 2467457.3603233
22.7125960 19.2810996 -0.9205506 0.1797352 -0.1686238 0.9683474 -0.0395551 2467517.2191825
22.5898516 19.4251248 -0.9206864 -0.0649939 0.2377282 -0.8046286 0.5402166 2467577.0780416
22.4661950 19.5684114 -0.9207866 0.0689456 0.2366128 -0.4032157 0.8812934 2467636.9369008
22.3416288 19.7109451 -0.9208514 0.1825205 0.1656067 0.1173105 0.9620286 2467696.7957599
22.2161600 19.8527225 -0.9208790 0.2421828 0.0456835 0.6031820 0.7585723 2467756.6546191
22.0897885 19.9937477 -0.9208677 0.2303094 -0.0877340 0.9108684 0.3310275 2467816.5134783
21.9625105 20.1340140 -0.9208185 0.1504072 -0.1952371 0.9494764 -0.1943057 2467876.3723374
21.8343288 20.2735038 -0.9207340 -0.0260776 0.2450714 -0.7076011 0.6622392 2467936.2311966
21.7052494 20.4122073 -0.9206139 0.1059552 0.2225167 -0.2566944 0.9345415 2467996.0900557
21.5752727 20.5501225 -0.9204553 0.2066913 0.1342351 0.2700419 0.9307723 2468055.9489149
21.4444000 20.6872430 -0.9202571 0.2463753 0.0063029 0.7170054 0.6520450 2468115.8077740
21.3126393 20.8235592 -0.9200214 0.2132851 -0.1234914 0.9521594 0.1806982 2468175.6666332
21.1799948 20.9590645 -0.9197508 0.1171948 -0.2168091 0.9060374 -0.3440284 2468235.5254924
21.0464609 21.0937495 -0.9194437 0.0135128 0.2460861 -0.5922642 0.7671259 2468295.3843515
20.9120376 21.2275993 -0.9190970 0.1402292 0.2026743 -0.1035312 0.9636079 2468355.2432107
20.7767400 21.3606053 -0.9187107 0.2255251 0.0993965 0.4157857 0.8754319 2468415.1020698
20.6405792 21.4927655 -0.9182878 0.2442056 -0.0332412 0.8122759 0.5286459 2468474.9609290
20.5035521 21.6240714 -0.9178297 0.1907528 -0.1560604 0.9688129 0.0256934 2468534.8197882
20.3656577 21.7545077 -0.9173342 0.0809554 -0.2327828 0.8391542 -0.4848490 2468594.6786474
20.2269053 21.8840661 -0.9167990 0.0527547 0.2407460 -0.4616023 0.8521629 2468654.5375065
20.0873039 22.0127431 -0.9162245 0.1708825 0.1775979 0.0523108 0.9677405 2468714.3963657
19.9468596 22.1405262 -0.9156138 0.2385353 0.0619908 0.5507708 0.7974394 2468774.2552248
19.8055817 22.2673997 -0.9149680 0.2357297 -0.0719273 0.8865284 0.3915679 2468834.1140840
19.6634790 22.3933598 -0.9142848 0.1632944 -0.1845997 0.9603979 -0.1299760 2468893.9729431
19.5205546 22.5184080 -0.9135613 -0.0426252 0.2427454 -0.7505577 0.6131239 2468953.8318023
19.3768135 22.6425336 -0.9127992 0.0906348 0.2291891 -0.3189964 0.9151497 2469013.6906615
19.2322695 22.7657189 -0.9120022 0.1971234 0.1479350 0.2067991 0.9468325 2469073.5495206
19.0869352 22.8879568 -0.9111704 0.2453858 0.0229839 0.6715044 0.6988129 2469133.4083798
18.9408147 23.0092469 -0.9103003 0.2211664 -0.1087564 0.9378415 0.2443580 2469193.2672389
18.7939153 23.1295845 -0.9093902 0.1316190 -0.2083724 0.9271322 -0.2822822 2469253.1260981
18.6462523 23.2489634 -0.9084430 -0.0031939 0.2464396 -0.6425402 0.7255339 2469312.9849573
18.4978350 23.3673789 -0.9074621 0.1261748 0.2117136 -0.1681364 0.9544566 2469372.8438164
18.3486637 23.4848210 -0.9064460 0.2182741 0.1144518 0.3559363 0.9014247 2469432.7026756
18.1987471 23.6012798 -0.9053912 0.2458998 -0.0166168 0.7748624 0.5821043 2469492.5615347
18.0481059 23.7167562 -0.9042976 0.2008918 -0.1427773 0.9648875 0.0908253 2469552.4203939
17.8967526 23.8312543 -0.9031684 0.0965445 -0.2267644 0.8698766 -0.4272842 2469612.2792531
17.7446871 23.9447668 -0.9020059 0.0363202 0.2437700 -0.5178967 0.8191703 2469672.1381122
17.5919139 24.0572819 -0.9008081 0.1584567 0.1887710 -0.0129258 0.9690665 2469731.9969714
17.4384463 24.1687986 -0.8995720 0.2337884 0.0780129 0.4958635 0.8326922 2469791.8558305
17.2842961 24.2793207 -0.8982979 0.2400639 -0.0557886 0.8581705 0.4503336 2469851.7146897
17.1294727 24.3888425 -0.8969894 0.1754295 -0.1731114 0.9669666 -0.0650575 2469911.5735488
16.9739866 24.4973558 -0.8956483 -0.0589768 0.2393006 -0.7901126 0.5612300 2469971.4324080
16.8178439 24.6048632 -0.8942719 0.0748964 0.2348054 -0.3798525 0.8916103 2470031.2912672
16.6610458 24.7113693 -0.8928570 0.1866468 0.1609536 0.1426192 0.9586014 2470091.1501264
16.5036006 24.8168671 -0.8914052 0.2432655 0.0395594 0.6229600 0.7424135 2470151.0089855
16.3455252 24.9213469 -0.8899206 0.2280287 -0.0935199 0.9192731 0.3069103 2470210.8678446
16.1868291 25.0248101 -0.8884037 0.1454369 -0.1989752 0.9440251 -0.2192569 2470270.7267038
16.0275120 25.1272598 -0.8868507 -0.0198861 0.2456574 -0.6899040 0.6806537 2470330.5855630
15.8675791 25.2286949 -0.8852596 0.1115386 0.2197775 -0.2319794 0.9409796 2470390.4444221
15.7070448 25.3291145 -0.8836333 0.2100171 0.1289799 0.2944739 0.9233321 2470450.3032813
15.5459155 25.4285171 -0.8819752 0.2464608 0.0000843 0.7339371 0.6329244 2470510.1621405
15.3841907 25.5268947 -0.8802842 0.2101052 -0.1288361 0.9565891 0.1555455 2470570.0209996
15.2218785 25.6242433 -0.8785568 0.1116888 -0.2197009 0.8966565 -0.3677829 2470629.8798588
15.0589944 25.7205708 -0.8767923 0.0197180 0.2456706 -0.5718439 0.7824651 2470689.7387179
14.8955435 25.8158830 -0.8749937 0.1453005 0.1990742 -0.0781037 0.9660005 2470749.5975771
14.7315235 25.9101715 -0.8731636 0.2279641 0.0936756 0.4387090 0.8641711 2470809.4564363
14.5669389 26.0034255 -0.8713005 0.2432917 -0.0393928 0.8259233 0.5070582 2470869.3152954
14.4018003 26.0956480 -0.8694009 0.1867561 -0.1608253 0.9691529 0.0001559 2470929.1741546
14.2361147 26.1868456 -0.8674648 -0.0750567 0.2347531 -0.8260865 0.5067925 2470989.0330137
14.0698888 26.2770140 -0.8654956 0.0588128 0.2393397 -0.4389870 0.8640300 2471048.8918729
13.9031296 26.3661472 -0.8634955 0.1753101 0.1732304 0.0777929 0.9660258 2471108.7507321
13.7358379 26.4542481 -0.8614619 0.2400242 0.0559525 0.5715923 0.7826493 2471168.6095912
13.5680115 26.5413182 -0.8593913 0.2338401 -0.0778525 0.8965384 0.3680715 2471228.4684504
13.3996595 26.6273506 -0.8572851 0.1585846 -0.1886612 0.9566395 -0.1552378 2471288.3273095
13.2307970 26.7123410 -0.8551473 -0.0364866 0.2437432 -0.7341411 0.6326886 2471348.1861687
13.0614275 26.7962925 -0.8529784 0.0963886 0.2268285 -0.2947711 0.9232378 2471408.0450278
12.8915450 26.8792052 -0.8507749 0.2007924 0.1429134 0.2316768 0.9410548 2471467.9038870
12.7211531 26.9610752 -0.8485347 0.2458861 0.0167848 0.6896855 0.6808761 2471527.7627462
12.5502634 27.0419022 -0.8462603 0.2183501 -0.1143014 0.9439552 0.2195608 2471587.6216054
12.3788802 27.1216833 -0.8439547 0.1263182 -0.2116251 0.9193726 -0.3066147 2471647.4804645
12.2070022 27.2004096 -0.8416174 0.0030253 0.2464390 -0.6231994 0.7422137 2471707.3393236
12.0346359 27.2780779 -0.8392451 0.1314749 0.2084599 -0.1429278 0.9585564 2471767.1981828
11.8617907 27.3546960 -0.8368368 0.2210893 0.1089063 0.3795660 0.8917335 2471827.0570420
11.6884662 27.4302656 -0.8343950 0.2453984 -0.0228158 0.7899328 0.5614848 2471886.9159012
11.5146609 27.5047736 -0.8319221 0.1972219 -0.1477983 0.9669468 0.0653687 2471946.7747603
11.3403813 27.5782087 -0.8294172 0.0907902 -0.2291239 0.8583165 -0.4500580 2472006.6336195
11.1656347 27.6505741 -0.8268771 0.0424586 0.2427710 -0.4961321 0.8325338 2472066.4924786
10.9904237 27.7218734 -0.8243012 0.1631658 0.1847086 0.0126140 0.9690720 2472126.3513378
10.8147529 27.7920991 -0.8216926 0.2356769 0.0720873 0.5176339 0.8193381 2472186.2101969
10.6386284 27.8612430 -0.8190534 0.2385738 -0.0618268 0.8697404 0.4275647 2472246.0690561
10.4620487 27.9293031 -0.8163815 0.1710010 -0.1774781 0.9649182 -0.0905150 2472305.9279153
10.2850128 27.9962740 -0.8136738 -0.0529184 0.2407058 -0.7750510 0.5818559 2472365.7867744
10.1075320 28.0621464 -0.8109313 0.0807949 0.2328339 -0.3562270 0.9013117 2472425.6456336
9.9296207 28.1269171 -0.8081572 0.1906427 0.1561878 0.1678296 0.9545124 2472485.5044927
9.7512791 28.1905859 -0.8053522 0.2441783 0.0334074 0.6423079 0.7257420 2472545.3633519
9.5725024 28.2531446 -0.8025137 0.2255886 -0.0992405 0.9270432 0.2825811 2472605.2222111
9.3932974 28.3145839 -0.7996399 0.1403649 -0.2025744 0.9379220 -0.2440567 2472665.0810702
9.2136774 28.3749006 -0.7967326 -0.0136806 0.2460718 -0.6717306 0.6985982 2472724.9399294
9.0336486 28.4340889 -0.7937940 0.1170442 0.2168846 -0.2071042 0.9467680 2472784.7987885
8.8532142 28.4921369 -0.7908242 0.2131961 0.1236344 0.3187026 0.9152544 2472844.6576477
8.6723839 28.5490391 -0.7878210 0.2463741 -0.0061345 0.7503621 0.6133668 2472904.5165069
8.4911666 28.6047985 -0.7847834 0.2067783 -0.1340909 0.9603583 0.1302854 2472964.3753660
8.3095649 28.6594097 -0.7817130 0.1061047 -0.2224392 0.8866565 -0.3912836 2473024.2342252
8.1275862 28.7128565 -0.7786120 0.0259097 0.2450833 -0.5510288 0.7972642 2473084.0930843
7.9452457 28.7651287 -0.7754802 0.1502703 0.1953350 -0.0526223 0.9677262 2473143.9519435
7.7625539 28.8162291 -0.7723154 0.2302438 0.0878890 0.4613293 0.8523137 2473203.8108026
7.5795162 28.8661578 -0.7691169 0.2422078 -0.0455171 0.8390005 0.4851203 2473263.6696618
7.3961431 28.9149056 -0.7658870 0.1826287 -0.1654778 0.9688238 -0.0253818 2473323.5285210
7.2124476 28.9624658 -0.7626275 -0.0691053 0.2365594 -0.8124483 0.5283860 2473383.3873802
7.0284353 29.0088359 -0.7593374 0.0648299 0.2377661 -0.4160686 0.8753007 2473443.2462393
6.8441135 29.0540091 -0.7560146 0.1796152 0.1687417 0.1032214 0.9636441 2473503.1050984
6.6595006 29.0979797 -0.7526599 0.2413454 0.0498749 0.5920192 0.7673188 2473562.9639576
6.4746133 29.1407510 -0.7492754 0.2317870 -0.0837233 0.9059295 0.3443210 2473622.8228168
6.2894560 29.1823242 -0.7458617 0.1537638 -0.1925909 0.9522206 -0.1803924 2473682.6816760
6.1040319 29.2226909 -0.7424178 -0.0303223 0.2445707 -0.7172176 0.6518164 2473742.5405351
5.9183559 29.2618451 -0.7389428 0.1020751 0.2243092 -0.2703423 0.9306885 2473802.3993943
5.7324455 29.2997897 -0.7354375 0.2043211 0.1377917 0.2563946 0.9346273 2473862.2582534
5.5463100 29.3365259 -0.7319033 0.2462145 0.0105739 0.7073904 0.6624692 2473922.1171126
5.3599583 29.3720490 -0.7283405 0.2153811 -0.1197666 0.9494173 0.1946119 2473981.9759717
5.1734038 29.4063596 -0.7247487 0.1209289 -0.2147300 0.9109782 -0.3307355 2474041.8348309
4.9866549 29.4394641 -0.7211273 0.0092426 0.2462662 -0.6034283 0.7583810 2474101.6936901
4.7997159 29.4713603 -0.7174767 0.1366834 0.2050604 -0.1176205 0.9619944 2474161.5525492
4.6126005 29.5020404 -0.7137980 0.2237502 0.1032844 0.4029336 0.8814265 2474221.4114084
4.4253268 29.5315058 -0.7100920 0.2447254 -0.0289990 0.8044579 0.5404776 2474281.2702675
4.2379026 29.5597656 -0.7063580 0.1934139 -0.1527161 0.9683385 0.0398669 2474341.1291267
4.0503309 29.5868215 -0.7025954 0.0849723 -0.2313234 0.8461637 -0.4725211 2474400.9879859
3.8626223 29.6126701 -0.6988050 0.0485676 0.2416023 -0.4740249 0.8453224 2474460.8468450
3.6747897 29.6373133 -0.6949877 0.1677610 0.1805169 0.0381451 0.9684084 2474520.7057042
3.4868396 29.6607542 -0.6911436 0.2374007 0.0661111 0.5390469 0.8054183 2474580.5645633
3.2987799 29.6829902 -0.6872725 0.2369169 -0.0678219 0.8807098 0.4045007 2474640.4234225
3.1106249 29.7040228 -0.6833744 0.1664529 -0.1817209 0.9622036 -0.1159101 2474700.2822816
2.9223843 29.7238624 -0.6794495 -0.0468227 0.2419428 -0.7594542 0.6020802 2474760.1411408
