-0.4474233 -10.0325962 0.1938935 -0.2397218 -0.0356688 -0.3146938 0.9177304 2415021.0000000
-0.3075882 -10.0607307 0.1892727 -0.1924981 0.1472505 0.4397549 0.8647990 2415031.7567568
-0.2508438 -10.0626565 0.1870580 -0.0496842 0.2372124 0.8976900 0.3679871 2415042.5135135
-0.1940883 -10.0642386 0.1848346 0.1172274 0.2121225 0.9202314 -0.3073044 2415053.2702703
-0.1373229 -10.0654856 0.1826068 -0.2272818 -0.0841500 -0.4964462 0.8335484 2415064.0270270
-0.0805583 -10.0663936 0.1803736 -0.2271010 0.0846367 0.1681231 0.9555084 2415074.7837838
-0.0237891 -10.0669577 0.1781317 -0.1167726 0.2123732 0.7511501 0.6140320 2415085.5405405
0.0329852 -10.0671861 0.1758855 0.0501923 0.2371054 0.9698576 -0.0252596 2415096.2972973
0.0897532 -10.0670762 0.1736344 -0.1928132 -0.1468377 -0.7181690 0.6522998 2415107.0540540
0.1465195 -10.0666221 0.1713748 -0.2419166 0.0146485 -0.1181572 0.9629645 2415117.8108108
0.2032858 -10.0658316 0.1691107 -0.1736867 0.1690300 0.5391626 0.8065764 2415128.5675675
0.2600404 -10.0647034 0.1668423 -0.0212161 0.2414293 0.9349802 0.2589861 2415139.3243243
0.3167867 -10.0632307 0.1645658 0.1415447 0.1967316 0.8773178 -0.4142165 2415150.0810811
0.3735276 -10.0614209 0.1622845 -0.2356541 -0.0566160 -0.3941425 0.8865176 2415160.8378378
0.4302514 -10.0592741 0.1599995 -0.2154676 0.1109593 0.2801980 0.9288438 2415171.5945946
0.4869601 -10.0567829 0.1577067 -0.0907759 0.2247176 0.8186381 0.5206663 2415182.3513513
0.5436580 -10.0539540 0.1554090 0.0779436 0.2294843 0.9600260 -0.1400425 2415193.1081081
0.6003334 -10.0507889 0.1531081 -0.2088591 -0.1229475 -0.6357863 0.7328285 2415203.8648649
0.6569871 -10.0472795 0.1507997 -0.2384748 0.0432207 -0.0031803 0.9701812 2415214.6216216
0.7136241 -10.0434320 0.1484863 -0.1524264 0.1884262 0.6309682 0.7369810 2415225.3783784
0.7702333 -10.0392491 0.1461702 0.0075512 0.2422421 0.9590872 0.1463334 2415236.1351351
0.8268141 -10.0347226 0.1438470 -0.1638663 -0.1785667 -0.8220340 0.5152881 2415246.8918919
0.8833723 -10.0298578 0.1415187 -0.2407037 -0.0282837 -0.2862815 0.9269869 2415257.6486487
0.9398975 -10.0246587 0.1391880 -0.2007960 0.1357174 0.3883221 0.8890825 2415268.4054054
0.9963879 -10.0191169 0.1368507 -0.0634991 0.2338934 0.8745833 0.4199593 2415279.1621622
1.0528500 -10.0132367 0.1345081 0.1045959 0.2186274 0.9366580 -0.2528508 2415289.9189189
1.1092742 -10.0070231 0.1321635 -0.2219602 -0.0973237 -0.5444390 0.8030243 2415300.6756757
1.1656572 -10.0004680 0.1298128 -0.2316704 0.0711835 0.1118415 0.9637184 2415311.4324325
1.2220062 -9.9935742 0.1274567 -0.1290168 0.2051656 0.7138771 0.6569941 2415322.1891892
1.2783125 -9.9863480 0.1250989 0.0362120 0.2396392 0.9696711 0.0316174 2415332.9459460
1.3345714 -9.9787812 0.1227355 -0.1838774 -0.1578840 -0.7551596 0.6090942 2415343.7027027
1.3907904 -9.9708759 0.1203665 -0.2423593 0.0004474 -0.1743838 0.9543857 2415354.4594595
1.4469620 -9.9626389 0.1179962 -0.1832932 0.1585618 0.4909708 0.8367852 2415365.2162162
1.5030802 -9.9540625 0.1156207 -0.0353270 0.2397712 0.9181969 0.3133308 2415375.9729730
1.5591524 -9.9451474 0.1132397 0.1297733 0.2046879 0.9000832 -0.3620939 2415386.7297297
1.6151725 -9.9359011 0.1108574 -0.2319316 -0.0703277 -0.4454151 0.8618974 2415397.4864865
1.6711330 -9.9263168 0.1084707 -0.2215994 0.0981425 0.2252863 0.9436672 2415408.2432432
1.7270414 -9.9163937 0.1060784 -0.1037880 0.2190121 0.7867203 0.5677437 2415419.0000000
1.7828925 -9.9061402 0.1036849 0.0643622 0.2336574 0.9665827 -0.0835444 2415429.7567567
1.8386780 -9.8955501 0.1012877 -0.2012957 -0.1349751 -0.6776374 0.6943121 2415440.5135135
1.8944049 -9.8846216 0.0988848 -0.2405977 0.0291722 -0.0600274 0.9683277 2415451.2702703
1.9500698 -9.8733635 0.0964809 -0.1632060 0.1791705 0.5866969 0.7726892 2415462.0270270
2.0056632 -9.8617704 0.0940738 -0.0066568 0.2422683 0.9488639 0.2022844 2415472.7837838
2.0611915 -9.8498394 0.0916612 0.1531210 0.1878622 0.8508172 -0.4662315 2415483.5405405
2.1166528 -9.8375794 0.0892475 -0.2386327 -0.0423400 -0.3401109 0.9086178 2415494.2972973
2.1720368 -9.8249863 0.0868313 -0.2084038 0.1237178 0.3355546 0.9103103 2415505.0540540
2.2273494 -9.8120561 0.0844097 -0.0770958 0.2297705 0.8484708 0.4704881 2415515.8108108
2.2825899 -9.7987977 0.0819870 0.0916049 0.2243809 0.9498654 -0.1975282 2415526.5675676
2.3377477 -9.7852083 0.0795624 -0.2158758 -0.1101631 -0.5905605 0.7697402 2415537.3243243
2.3928277 -9.7712826 0.0771325 -0.2354435 0.0574856 0.0551755 0.9686162 2415548.0810811
2.4478309 -9.7570294 0.0747015 -0.1408175 0.1972529 0.6741505 0.6976983 2415558.8378378
2.5027459 -9.7424470 0.0722692 0.0221073 0.2413494 0.9661520 0.0883857 2415569.5945946
2.5575768 -9.7275293 0.0698318 -0.1743096 -0.1683877 -0.7895547 0.5637953 2415580.3513514
2.6123257 -9.7122847 0.0673932 -0.2419691 -0.0137553 -0.2300111 0.9425267 2415591.1081081
2.6669811 -9.6967127 0.0649538 -0.1922698 0.1475486 0.4410915 0.8641180 2415601.8648649
2.7215459 -9.6808066 0.0625097 -0.0493166 0.2372891 0.8982579 0.3665986 2415612.6216216
2.7760235 -9.6645744 0.0600641 0.1175559 0.2119407 0.9197551 -0.3087269 2415623.3783784
2.8304024 -9.6480167 0.0576184 -0.2274120 -0.0837977 -0.4951568 0.8343150 2415634.1351352
2.8846842 -9.6311264 0.0551683 -0.2269696 0.0849885 0.1696003 0.9552473 2415644.8918919
2.9388733 -9.6139105 0.0527167 -0.1164435 0.2125540 0.7520986 0.6128698 2415655.6486487
2.9929585 -9.5963713 0.0502654 0.0505596 0.2370274 0.9698173 -0.0267591 2415666.4054054
3.0469401 -9.5785012 0.0478102 -0.1930405 -0.1465388 -0.7171595 0.6534095 2415677.1621622
3.1008235 -9.5603065 0.0453532 -0.2418937 0.0150234 -0.1166681 0.9631460 2415687.9189189
3.1545979 -9.5417907 0.0428971 -0.1734247 0.1692990 0.5404091 0.8057417 2415698.6756757
3.2082623 -9.5229460 0.0404374 -0.0208419 0.2414620 0.9353795 0.2575401 2415709.4324324
3.2618230 -9.5037779 0.0379760 0.1418494 0.1965121 0.8766762 -0.4155725 2415720.1891892
3.3152699 -9.4842909 0.0355157 -0.2357416 -0.0562508 -0.3927713 0.8871259 2415730.9459460
3.3686008 -9.4644773 0.0330524 -0.2152954 0.1112931 0.2816338 0.9284095 2415741.7027027
3.4218225 -9.4443412 0.0305871 -0.0904276 0.2248580 0.8194422 0.5193999 2415752.4594595
3.4749258 -9.4238885 0.0281234 0.0782991 0.2293633 0.9598083 -0.1415267 2415763.2162162
3.5279070 -9.4031114 0.0256572 -0.2090495 -0.1226238 -0.6346524 0.7338107 2415773.9729730
3.5807734 -9.3820129 0.0231889 -0.2384076 0.0435902 -0.0016802 0.9701850 2415784.7297297
3.6335169 -9.3605999 0.0207225 -0.1521343 0.1886622 0.6321069 0.7360045 2415795.4864865
3.6861325 -9.3388649 0.0182541 0.0079265 0.2422301 0.9593123 0.1448503 2415806.2432432
3.7386278 -9.3168096 0.0157836 -0.1641429 -0.1783126 -0.8212363 0.5165586 2415817.0000000
3.7909956 -9.2944417 0.0133151 -0.2407473 -0.0279107 -0.2848478 0.9274284 2415827.7567567
3.8432295 -9.2717540 0.0108453 -0.2005855 0.1360284 0.3896963 0.8884810 2415838.5135135
3.8953371 -9.2487471 0.0083733 -0.0631366 0.2339915 0.8752316 0.4186065 2415849.2702703
3.9473126 -9.2254294 0.0059035 0.1049345 0.2184651 0.9362659 -0.2542988 2415860.0270270
3.9991481 -9.2017946 0.0034331 -0.2221108 -0.0969797 -0.5431967 0.8038651 2415870.7837838
4.0508512 -9.1778421 0.0009604 -0.2315598 0.0715424 0.1133315 0.9635443 2415881.5405405
4.1024175 -9.1535809 -0.0015098 -0.1286987 0.2053653 0.7148921 0.6558895 2415892.2972973
4.1538381 -9.1290053 -0.0039802 0.0365833 0.2395828 0.9697188 0.0301181 2415903.0540540
4.2051200 -9.1041137 -0.0064527 -0.1841218 -0.1575989 -0.7542169 0.6102611 2415913.8108108
4.2562603 -9.0789153 -0.0089227 -0.2423584 0.0008229 -0.1729079 0.9546542 2415924.5675676
4.3072492 -9.0534056 -0.0113922 -0.1830474 0.1588457 0.4922640 0.8360250 2415935.3243243
4.3580933 -9.0275819 -0.0138637 -0.0349555 0.2398258 0.9186803 0.3119107 2415946.0810811
4.4087909 -9.0014536 -0.0163327 0.1300904 0.2044866 0.8995222 -0.3634852 2415956.8378378
4.4593318 -8.9750173 -0.0188005 -0.2320404 -0.0699682 -0.4440819 0.8625851 2415967.5945946
4.5097217 -8.9482692 -0.0212703 -0.2214471 0.0984858 0.2267451 0.9433177 2415978.3513514
4.5599607 -8.9212185 -0.0237376 -0.1034485 0.2191727 0.7875972 0.5665266 2415989.1081081
4.6100378 -8.8938632 -0.0262031 0.0647242 0.2335574 0.9664523 -0.0850388 2415999.8648649
4.6599579 -8.8661982 -0.0286703 -0.2015047 -0.1346631 -0.6765630 0.6953591 2416010.6216216
4.7097225 -8.8382326 -0.0311352 -0.2405522 0.0295449 -0.0585301 0.9684193 2416021.3783784
4.7593201 -8.8099655 -0.0335976 -0.1629282 0.1794232 0.5878909 0.7717811 2416032.1351352
4.8087547 -8.7813912 -0.0360615 -0.0062814 0.2422784 0.9491756 0.2008170 2416042.8918919
4.8580288 -8.7525182 -0.0385232 0.1534120 0.1876248 0.8500953 -0.4675465 2416053.6486487
4.9071311 -8.7233470 -0.0409818 -0.2386981 -0.0419702 -0.3387055 0.9091426 2416064.4054054
4.9560644 -8.6938711 -0.0434416 -0.2082119 0.1240406 0.3369617 0.9097904 2416075.1621622
5.0048323 -8.6640985 -0.0458993 -0.0767397 0.2298898 0.8491972 0.4691756 2416085.9189189
5.0534236 -8.6340309 -0.0483534 0.0919525 0.2242388 0.9495589 -0.1989966 2416096.6756757
5.1018396 -8.6036613 -0.0508083 -0.2160463 -0.1098285 -0.5893696 0.7706524 2416107.4324324
5.1500853 -8.5729970 -0.0532611 -0.2353542 0.0578504 0.0566731 0.9685297 2416118.1891892
5.1981494 -8.5420411 -0.0557099 -0.1405117 0.1974709 0.6752285 0.6966550 2416128.9459459
5.2460321 -8.5107864 -0.0581590 0.0224812 0.2413149 0.9662875 0.0868917 2416139.7027027
5.2937394 -8.4792391 -0.0606063 -0.1745704 -0.1681174 -0.7886820 0.5650154 2416150.4594594
5.3412606 -8.4474038 -0.0630491 -0.2419902 -0.0133803 -0.2285534 0.9428812 2416161.2162162
5.3885946 -8.4152728 -0.0654917 -0.1920410 0.1478464 0.4424271 0.8634350 2416171.9729730
5.4357480 -8.3828516 -0.0679326 -0.0489488 0.2373653 0.8988236 0.3652093 2416182.7297297
5.4827109 -8.3501456 -0.0703685 0.1178842 0.2117584 0.9192766 -0.3101486 2416193.4864865
5.5294809 -8.3171475 -0.0728038 -0.2275416 -0.0834452 -0.4938661 0.8350796 2416204.2432432
5.5760650 -8.2838614 -0.0752376 -0.2268377 0.0853401 0.1710771 0.9549839 2416215.0000000
5.6224544 -8.2502939 -0.0776660 -0.1161140 0.2127342 0.7530453 0.6117062 2416225.7567567
5.6686452 -8.2164378 -0.0800933 0.0509268 0.2369488 0.9697748 -0.0282587 2416236.5135135
5.7146449 -8.1822960 -0.0825191 -0.1932674 -0.1462396 -0.7161483 0.6545176 2416247.2702703
5.7604458 -8.1478762 -0.0849393 -0.2418702 0.0153982 -0.1151788 0.9633253 2416258.0270270
5.8060426 -8.1131711 -0.0873578 -0.1731622 0.1695676 0.5416543 0.8049052 2416268.7837838
5.8514428 -8.0781827 -0.0897749 -0.0204678 0.2414940 0.9357766 0.2560935 2416279.5405405
5.8966400 -8.0429194 -0.0921862 0.1421538 0.1962921 0.8760326 -0.4169275 2416290.2972973
5.9416274 -8.0073745 -0.0945951 -0.2358286 -0.0558854 -0.3913992 0.8877322 2416301.0540541
5.9864126 -7.9715489 -0.0970026 -0.2151228 0.1116266 0.2830690 0.9279729 2416311.8108108
6.0309903 -7.9354515 -0.0994042 -0.0900791 0.2249979 0.8202443 0.5181322 2416322.5675676
6.0753528 -7.8990767 -0.1018027 0.0786544 0.2292418 0.9595883 -0.1430106 2416333.3243243
6.1195074 -7.8624239 -0.1041999 -0.2092393 -0.1222998 -0.6335170 0.7347911 2416344.0810811
6.1634504 -7.8255026 -0.1065910 -0.2383398 0.0439596 -0.0001801 0.9701864 2416354.8378379
6.2071726 -7.7883080 -0.1089784 -0.1518418 0.1888978 0.6332442 0.7350262 2416365.5945946
6.2506813 -7.7508385 -0.1113644 0.0083019 0.2422176 0.9595351 0.1433668 2416376.3513514
6.2939740 -7.7131039 -0.1137442 -0.1644190 -0.1780581 -0.8204366 0.5178277 2416387.1081081
6.3370409 -7.6751005 -0.1161198 -0.2407903 -0.0275376 -0.2834134 0.9278677 2416397.8648649
6.3798886 -7.6368255 -0.1184937 -0.2003746 0.1363390 0.3910696 0.8878774 2416408.6216216
6.4225163 -7.5982889 -0.1208616 -0.0627740 0.2340891 0.8758778 0.4172527 2416419.3783784
6.4649135 -7.5594880 -0.1232245 0.1052729 0.2183023 0.9358716 -0.2557461 2416430.1351352
6.5070860 -7.5204189 -0.1255857 -0.2222609 -0.0966355 -0.5419530 0.8047040 2416440.8918919
6.5490345 -7.4810914 -0.1279409 -0.2314488 0.0719011 0.1148212 0.9633679 2416451.6486487
6.5907480 -7.4415039 -0.1302905 -0.1283804 0.2055645 0.7159053 0.6547834 2416462.4054054
6.6322313 -7.4016519 -0.1326381 0.0369545 0.2395259 0.9697642 0.0286186 2416473.1621622
6.6734865 -7.3615444 -0.1349798 -0.1843659 -0.1573135 -0.7532723 0.6114266 2416483.9189189
6.7145023 -7.3211815 -0.1373153 -0.2423569 0.0011985 -0.1714316 0.9549204 2416494.6756757
6.7552825 -7.2805576 -0.1396486 -0.1828011 0.1591291 0.4935561 0.8352629 2416505.4324324
6.7958303 -7.2396814 -0.1419761 -0.0345838 0.2398797 0.9191614 0.3104898 2416516.1891892
6.8361346 -7.1985540 -0.1442968 0.1304071 0.2042848 0.8989591 -0.3648756 2416526.9459459
6.8761976 -7.1571693 -0.1466150 -0.2321485 -0.0696086 -0.4427476 0.8632707 2416537.7027027
6.9160239 -7.1155353 -0.1489275 -0.2212943 0.0988289 0.2282034 0.9429660 2416548.4594594
6.9556021 -7.0736546 -0.1512327 -0.1031088 0.2193328 0.7884722 0.5653081 2416559.2162162
6.9949336 -7.0315206 -0.1535348 0.0650860 0.2334569 0.9663197 -0.0865331 2416569.9729730
7.0340236 -6.9891406 -0.1558315 -0.2017131 -0.1343507 -0.6754870 0.6964043 2416580.7297297
7.0728616 -6.9465185 -0.1581204 -0.2405062 0.0299176 -0.0570326 0.9685086 2416591.4864865
7.1114473 -6.9036474 -0.1604058 -0.1626500 0.1796755 0.5890835 0.7708711 2416602.2432432
7.1497871 -6.8605338 -0.1626859 -0.0059060 0.2422879 0.9494849 0.1993491 2416613.0000000
7.1878708 -6.8171826 -0.1649578 0.1537025 0.1873869 0.8493713 -0.4688604 2416623.7567567
7.2256970 -6.7735870 -0.1672257 -0.2387629 -0.0416003 -0.3372994 0.9096652 2416634.5135135
7.2632726 -6.7297522 -0.1694884 -0.2080195 0.1243631 0.3383680 0.9092683 2416645.2702703
7.3005884 -6.6856847 -0.1717425 -0.0763834 0.2300085 0.8499217 0.4678620 2416656.0270270
7.3376415 -6.6413773 -0.1739922 0.0922999 0.2240961 0.9492500 -0.2004646 2416666.7837838
7.3744395 -6.5968344 -0.1762368 -0.2162163 -0.1094936 -0.5881773 0.7715628 2416677.5405405
7.4109742 -6.5520633 -0.1784725 -0.2352644 0.0582150 0.0581706 0.9684409 2416688.2972973
7.4472413 -6.5070571 -0.1807032 -0.1402056 0.1976884 0.6763048 0.6956101 2416699.0540541
7.4832486 -6.4618189 -0.1829289 0.0228551 0.2412798 0.9664207 0.0853976 2416709.8108108
7.5189891 -6.4163569 -0.1851454 -0.1748307 -0.1678468 -0.7878074 0.5662342 2416720.5675676
7.5544571 -6.3706646 -0.1873564 -0.2420107 -0.0130054 -0.2270953 0.9432335 2416731.3243243
7.5896606 -6.3247439 -0.1895624 -0.1918117 0.1481438 0.4437616 0.8627498 2416742.0810811
7.6245935 -6.2786038 -0.1917590 -0.0485810 0.2374410 0.8993872 0.3638191 2416752.8378379
7.6592492 -6.2322385 -0.1939495 0.1182122 0.2115755 0.9187960 -0.3115696 2416763.5945946
7.6936354 -6.1856488 -0.1961350 -0.2276707 -0.0830926 -0.4925743 0.8358422 2416774.3513514
7.7277477 -6.1388441 -0.1983111 -0.2267053 0.0856915 0.1725535 0.9547183 2416785.1081081
7.7615780 -6.0918194 -0.2004803 -0.1157843 0.2129139 0.7539903 0.6105410 2416795.8648649
7.7951340 -6.0445743 -0.2026446 0.0512940 0.2368697 0.9697299 -0.0297581 2416806.6216216
7.8284125 -5.9971187 -0.2047993 -0.1934938 -0.1459400 -0.7151355 0.6556241 2416817.3783784
7.8614045 -5.9494486 -0.2069465 -0.2418461 0.0157729 -0.1136891 0.9635022 2416828.1351351
7.8941174 -5.9015624 -0.2090887 -0.1728993 0.1698357 0.5428982 0.8040667 2416838.8918919
7.9265494 -5.8534704 -0.2112213 -0.0200936 0.2415255 0.9361714 0.2546463 2416849.6486486
7.9586909 -5.8051695 -0.2133458 0.1424578 0.1960717 0.8753869 -0.4182815 2416860.4054054
7.9905485 -5.7566570 -0.2154651 -0.2359149 -0.0555200 -0.3900261 0.8883363 2416871.1621622
8.0221221 -5.7079430 -0.2175749 -0.2149496 0.1119598 0.2845035 0.9275341 2416881.9189189
8.0534014 -5.6590256 -0.2196761 -0.0897303 0.2251373 0.8210444 0.5168633 2416892.6756757
8.0843921 -5.6099011 -0.2217718 0.0790095 0.2291197 0.9593660 -0.1444942 2416903.4324324
8.1150955 -5.5605794 -0.2238581 -0.2094286 -0.1219754 -0.6323801 0.7357697 2416914.1891892
8.1455009 -5.5110599 -0.2259351 -0.2382715 0.0443288 0.0013200 0.9701855 2416924.9459459
8.1756131 -5.4613378 -0.2280066 -0.1515489 0.1891329 0.6343799 0.7340462 2416935.7027027
8.2054347 -5.4114228 -0.2300686 0.0086772 0.2422045 0.9597556 0.1418830 2416946.4594594
8.2349547 -5.3613154 -0.2321209 -0.1646947 -0.1778032 -0.8196349 0.5190957 2416957.2162162
8.2641768 -5.3110101 -0.2341672 -0.2408328 -0.0271645 -0.2819784 0.9283048 2416967.9729730
8.2931048 -5.2605159 -0.2362043 -0.2001631 0.1366494 0.3924420 0.8872716 2416978.7297297
8.3217276 -5.2098349 -0.2382311 -0.0624112 0.2341862 0.8765219 0.4158979 2416989.4864865
8.3500476 -5.1589610 -0.2402516 0.1056111 0.2181390 0.9354750 -0.2571929 2417000.2432432
8.3780698 -5.1079025 -0.2422630 -0.2224104 -0.0962910 -0.5407082 0.8055410 2417011.0000000
8.4057834 -5.0566628 -0.2442635 -0.2313371 0.0722597 0.1163106 0.9631892 2417021.7567568
8.4331895 -5.0052357 -0.2462574 -0.1280618 0.2057633 0.7169169 0.6536756 2417032.5135135
8.4602940 -4.9536285 -0.2482423 0.0373256 0.2394684 0.9698073 0.0271191 2417043.2702703
8.4870868 -4.9018459 -0.2502159 -0.1846094 -0.1570277 -0.7523260 0.6125906 2417054.0270270
8.5135676 -4.8498813 -0.2521825 -0.2423548 0.0015740 -0.1699549 0.9551843 2417064.7837838
8.5397431 -4.7977412 -0.2541402 -0.1825543 0.1594122 0.4948470 0.8344987 2417075.5405406
8.5656038 -4.7454317 -0.2560862 -0.0342121 0.2399331 0.9196404 0.3090682 2417086.2972973
8.5911482 -4.6929459 -0.2580247 0.1307235 0.2040826 0.8983938 -0.3662651 2417097.0540541
8.6163837 -4.6402894 -0.2599545 -0.2322562 -0.0692488 -0.4414123 0.8639542 2417107.8108108
8.6413018 -4.5874693 -0.2618723 -0.2211410 0.0991717 0.2296612 0.9426120 2417118.5675676
8.6658995 -4.5344789 -0.2637820 -0.1027689 0.2194924 0.7893454 0.5640883 2417129.3243243
8.6901849 -4.4813225 -0.2656832 0.0654477 0.2333558 0.9661847 -0.0880271 2417140.0810811
8.7141504 -4.4280079 -0.2675721 -0.2019211 -0.1340380 -0.6744094 0.6974479 2417150.8378379
8.7377915 -4.3745289 -0.2694523 -0.2404596 0.0302903 -0.0555350 0.9685956 2417161.5945946
8.7611166 -4.3208886 -0.2713242 -0.1623715 0.1799274 0.5902747 0.7699594 2417172.3513514
8.7841193 -4.2670957 -0.2731835 -0.0055306 0.2422968 0.9497920 0.1978808 2417183.1081081
8.8067939 -4.2131444 -0.2750336 0.1539927 0.1871485 0.8486453 -0.4701731 2417193.8648649
8.8291486 -4.1590365 -0.2768754 -0.2388272 -0.0412303 -0.3358924 0.9101857 2417204.6216216
8.8511784 -4.1047816 -0.2787045 -0.2078266 0.1246853 0.3397735 0.9087440 2417215.3783784
8.8728765 -4.0503744 -0.2805238 -0.0760270 0.2301266 0.8506440 0.4665473 2417226.1351351
8.8942510 -3.9958157 -0.2823348 0.0926470 0.2239529 0.9489389 -0.2019321 2417236.8918919
8.9152980 -3.9411153 -0.2841329 -0.2163857 -0.1091585 -0.5869836 0.7724713 2417247.6486486
8.9360098 -3.8862690 -0.2859207 -0.2351740 0.0585795 0.0596679 0.9683498 2417258.4054054
8.9563939 -3.8312762 -0.2877001 -0.1398991 0.1979055 0.6773796 0.6945636 2417269.1621621
8.9764483 -3.7761475 -0.2894666 0.0232289 0.2412442 0.9665516 0.0839032 2417279.9189189
8.9961641 -3.7208794 -0.2912222 -0.1750906 -0.1675757 -0.7869310 0.5674516 2417290.6756757
9.0155486 -3.6654704 -0.2929693 -0.2420306 -0.0126304 -0.2256366 0.9435835 2417301.4324324
9.0346011 -3.6099308 -0.2947036 -0.1915820 0.1484409 0.4450951 0.8620626 2417312.1891892
9.0533120 -3.5542585 -0.2964263 -0.0482130 0.2375160 0.8999487 0.3624280 2417322.9459459
9.0716879 -3.4984506 -0.2981405 0.1185400 0.2113921 0.9183131 -0.3129899 2417333.7027027
9.0897297 -3.4425177 -0.2998419 -0.2277992 -0.0827397 -0.4912813 0.8366028 2417344.4594594
9.1074271 -3.3864585 -0.3015311 -0.2265723 0.0860427 0.1740295 0.9544503 2417355.2162162
9.1247859 -3.3302695 -0.3032117 -0.1154542 0.2130931 0.7549334 0.6093745 2417365.9729730
9.1418083 -3.2739607 -0.3048795 0.0516609 0.2367900 0.9696827 -0.0312575 2417376.7297297
9.1584838 -3.2175324 -0.3065347 -0.1937197 -0.1456400 -0.7141209 0.6567291 2417387.4864865
9.1748172 -3.1609799 -0.3081809 -0.2418214 0.0161476 -0.1121992 0.9636768 2417398.2432432
9.1908119 -3.1043128 -0.3098147 -0.1726359 0.1701035 0.5441408 0.8032263 2417409.0000000
9.2064572 -3.0475327 -0.3114351 -0.0197193 0.2415564 0.9365640 0.2531984 2417419.7567568
9.2217567 -2.9906342 -0.3130464 0.1427615 0.1958507 0.8747391 -0.4196346 2417430.5135135
9.2367150 -2.9336265 -0.3146453 -0.2360007 -0.0551544 -0.3886520 0.8889383 2417441.2702703
9.2513216 -2.8765125 -0.3162304 -0.2147759 0.1122927 0.2859373 0.9270930 2417452.0270270
9.2655787 -2.8192864 -0.3178059 -0.0893814 0.2252761 0.8218426 0.5155932 2417462.7837838
9.2794922 -2.7619566 -0.3193693 0.0793645 0.2289970 0.9591414 -0.1459774 2417473.5405406
9.2930518 -2.7045272 -0.3209185 -0.2096174 -0.1216508 -0.6312417 0.7367466 2417484.2972973
9.3062586 -2.6469923 -0.3224577 -0.2382025 0.0446980 0.0028202 0.9701823 2417495.0540541
9.3191193 -2.5893592 -0.3239849 -0.1512557 0.1893675 0.6355141 0.7330644 2417505.8108108
9.3316243 -2.5316334 -0.3254975 0.0090525 0.2421909 0.9599739 0.1403988 2417516.5675676
9.3437733 -2.4738087 -0.3269998 -0.1649701 -0.1775478 -0.8188313 0.5203624 2417527.3243243
9.3555738 -2.4158915 -0.3284902 -0.2408746 -0.0267913 -0.2805427 0.9287397 2417538.0810811
9.3670171 -2.3578886 -0.3299656 -0.1999512 0.1369594 0.3938134 0.8866638 2417548.8378378
9.3781015 -2.2997937 -0.3314302 -0.0620483 0.2342827 0.8771639 0.4145421 2417559.5945946
9.3888353 -2.2416120 -0.3328832 0.1059490 0.2179752 0.9350762 -0.2586390 2417570.3513514
9.3992106 -2.1833512 -0.3343209 -0.2225594 -0.0959463 -0.5394620 0.8063761 2417581.1081081
9.4092244 -2.1250050 -0.3357474 -0.2312250 0.0726181 0.1177998 0.9630082 2417591.8648649
9.4188853 -2.0665776 -0.3371624 -0.1277428 0.2059615 0.7179268 0.6525663 2417602.6216216
9.4281865 -2.0080777 -0.3385619 0.0376966 0.2394104 0.9698481 0.0256196 2417613.3783784
9.4371237 -1.9494991 -0.3399495 -0.1848526 -0.1567415 -0.7513779 0.6137531 2417624.1351351
9.4457055 -1.8908450 -0.3413258 -0.2423522 0.0019495 -0.1684778 0.9554459 2417634.8918919
9.4539264 -1.8321248 -0.3426865 -0.1823071 0.1596950 0.4961367 0.8337326 2417645.6486486
9.4617809 -1.7733329 -0.3440348 -0.0338403 0.2399858 0.9201172 0.3076459 2417656.4054054
9.4692776 -1.7144712 -0.3453718 0.1310396 0.2038798 0.8978264 -0.3676538 2417667.1621621
9.4764122 -1.6555496 -0.3466931 -0.2323633 -0.0688889 -0.4400759 0.8646357 2417677.9189189
9.4831780 -1.5965635 -0.3480014 -0.2209871 0.0995142 0.2311184 0.9422558 2417688.6756757
9.4895833 -1.5375135 -0.3492985 -0.1024287 0.2196514 0.7902166 0.5628671 2417699.4324324
9.4956254 -1.4784100 -0.3505798 0.0658092 0.2332542 0.9660474 -0.0895209 2417710.1891892
9.5012964 -1.4192494 -0.3518476 -0.2021286 -0.1337250 -0.6733302 0.6984899 2417720.9459459
9.5066044 -1.3600312 -0.3531042 -0.2404125 0.0306628 -0.0540373 0.9686803 2417731.7027027
9.5115483 -1.3007661 -0.3543449 -0.1620925 0.1801788 0.5914645 0.7690457 2417742.4594595
9.5161193 -1.2414514 -0.3555716 -0.0051551 0.2423052 0.9500968 0.1964119 2417753.2162162
9.5203250 -1.1820854 -0.3567871 0.1542826 0.1869098 0.8479173 -0.4714847 2417763.9729730
9.5241657 -1.1226790 -0.3579868 -0.2388908 -0.0408602 -0.3344847 0.9107039 2417774.7297297
9.5276319 -1.0632304 -0.3591719 -0.2076333 0.1250072 0.3411782 0.9082175 2417785.4864865
9.5307307 -1.0037371 -0.3603456 -0.0756703 0.2302442 0.8513644 0.4652314 2417796.2432433
9.5334635 -0.9442096 -0.3615038 0.0929939 0.2238091 0.9486255 -0.2033991 2417807.0000000
9.5358208 -0.8846477 -0.3626468 -0.2165546 -0.1088231 -0.5857885 0.7733780 2417817.7567568
9.5378085 -0.8250476 -0.3637783 -0.2350830 0.0589438 0.0611651 0.9682564 2417828.5135135
9.5394296 -0.7654196 -0.3648944 -0.1395924 0.1981221 0.6784527 0.6935154 2417839.2702703
9.5406742 -0.7057645 -0.3659949 0.0236027 0.2412080 0.9666801 0.0824086 2417850.0270270
9.5415470 -0.6460778 -0.3670836 -0.1753501 -0.1673042 -0.7860526 0.5686677 2417860.7837838
9.5420525 -0.5863694 -0.3681571 -0.2420500 -0.0122553 -0.2241773 0.9439312 2417871.5405406
9.5421804 -0.5266414 -0.3692144 -0.1913518 0.1487376 0.4464275 0.8613734 2417882.2972973
9.5419345 -0.4668887 -0.3702598 -0.0478450 0.2375905 0.9005080 0.3610360 2417893.0540541
9.5413204 -0.4071206 -0.3712902 0.1188674 0.2112082 0.9178280 -0.3144094 2417903.8108108
9.5403280 -0.3473404 -0.3723040 -0.2279272 -0.0823867 -0.4899872 0.8373614 2417914.5675676
9.5389600 -0.2875428 -0.3733055 -0.2264388 0.0863937 0.1755051 0.9541801 2417925.3243243
9.5372229 -0.2277359 -0.3742922 -0.1151239 0.2132718 0.7558747 0.6082065 2417936.0810811
9.5351072 -0.1679246 -0.3752620 0.0520278 0.2367097 0.9696332 -0.0327568 2417946.8378378
9.5326141 -0.1081031 -0.3762191 -0.1939452 -0.1453397 -0.7131045 0.6578324 2417957.5945946
9.5297511 -0.0482787 -0.3771617 -0.2417962 0.0165223 -0.1107090 0.9638491 2417968.3513513
9.5265094 0.0115424 -0.3780869 -0.1723722 0.1703708 0.5453821 0.8023839 2417979.1081081
9.5228888 0.0713663 -0.3789991 -0.0193450 0.2415867 0.9369544 0.2517500 2417989.8648649
9.5188976 0.1311866 -0.3798970 0.1430648 0.1956293 0.8740892 -0.4209866 2418000.6216216
9.5145280 0.1909961 -0.3807773 -0.2360860 -0.0547886 -0.3872771 0.8895381 2418011.3783784
9.5097784 0.2508010 -0.3816443 -0.2146017 0.1126254 0.2873705 0.9266498 2418022.1351351
9.5046576 0.3105960 -0.3824971 -0.0890323 0.2254144 0.8226388 0.5143218 2418032.8918919
9.4991587 0.3703730 -0.3833321 0.0797192 0.2288738 0.9589145 -0.1474602 2418043.6486486
9.4932788 0.4301379 -0.3841532 -0.2098057 -0.1213259 -0.6301017 0.7377218 2418054.4054054
9.4870269 0.4898866 -0.3849605 -0.2381331 0.0450670 0.0043203 0.9701768 2418065.1621621
9.4803973 0.5496102 -0.3857498 -0.1509622 0.1896017 0.6366469 0.7320809 2418075.9189189
9.4733857 0.6093140 -0.3865247 0.0094277 0.2421766 0.9601898 0.1389143 2418086.6756757
9.4660015 0.6689954 -0.3872860 -0.1652450 -0.1772920 -0.8180257 0.5216278 2418097.4324324
9.4582399 0.7286444 -0.3880292 -0.2409159 -0.0264180 -0.2791064 0.9291723 2418108.1891892
9.4500957 0.7882661 -0.3887575 -0.1997388 0.1372691 0.3951839 0.8860538 2418118.9459459
9.4415778 0.8478589 -0.3894722 -0.0616852 0.2343786 0.8778038 0.4131853 2418129.7027027
9.4326831 0.9074123 -0.3901689 0.1062867 0.2178108 0.9346752 -0.2600845 2418140.4594595
9.4234050 0.9669303 -0.3908502 -0.2227078 -0.0956013 -0.5382145 0.8072093 2418151.2162162
9.4137524 1.0264126 -0.3915180 -0.2311122 0.0729763 0.1192886 0.9628249 2418161.9729730
9.4037236 1.0858483 -0.3921677 -0.1274235 0.2061592 0.7189349 0.6514555 2418172.7297297
9.3933111 1.1452404 -0.3928016 0.0380675 0.2393517 0.9698865 0.0241200 2418183.4864865
9.3825236 1.2045899 -0.3934220 -0.1850953 -0.1564549 -0.7504280 0.6149141 2418194.2432433
9.3713607 1.2638855 -0.3940244 -0.2423489 0.0023250 -0.1670003 0.9557052 2418205.0000000
9.3598143 1.3231296 -0.3946105 -0.1820595 0.1599773 0.4974253 0.8329644 2418215.7567568
9.3478923 1.3823239 -0.3951831 -0.0334684 0.2400380 0.9205918 0.3062228 2418226.5135135
9.3355960 1.4414573 -0.3957379 0.1313554 0.2036766 0.8972569 -0.3690416 2418237.2702703
9.3229166 1.5005310 -0.3962759 -0.2324698 -0.0685288 -0.4387384 0.8653151 2418248.0270270
9.3098613 1.5595477 -0.3968004 -0.2208327 0.0998566 0.2325750 0.9418973 2418258.7837838
9.2964330 1.6184966 -0.3973073 -0.1020882 0.2198099 0.7910859 0.5616446 2418269.5405406
9.2826224 1.6773778 -0.3977968 0.0661706 0.2331520 0.9659078 -0.0910145 2418280.2972973
9.2684358 1.7361949 -0.3982728 -0.2023356 -0.1334117 -0.6722494 0.6995301 2418291.0540541
9.2538772 1.7949377 -0.3987315 -0.2403647 0.0310353 -0.0525394 0.9687627 2418301.8108108
9.2389373 1.8536048 -0.3991723 -0.1618132 0.1804298 0.5926529 0.7681303 2418312.5675676
9.2236211 1.9122007 -0.3995995 -0.0047797 0.2423129 0.9503994 0.1949427 2418323.3243243
9.2079341 1.9707156 -0.4000095 0.1545721 0.1866705 0.8471873 -0.4727952 2418334.0810811
9.1918668 2.0291469 -0.4004013 -0.2389539 -0.0404900 -0.3330762 0.9112200 2418344.8378378
9.1754231 2.0874996 -0.4007793 -0.2074394 0.1253288 0.3425821 0.9076889 2418355.5945946
9.1586097 2.1457647 -0.4011404 -0.0753135 0.2303612 0.8520827 0.4639145 2418366.3513513
9.1414173 2.2039381 -0.4014830 0.0933406 0.2236648 0.9483099 -0.2048657 2418377.1081081
9.1238486 2.2620255 -0.4018113 -0.2167231 -0.1084874 -0.5845920 0.7742828 2418387.8648648
9.1059112 2.3200187 -0.4021232 -0.2349914 0.0593080 0.0626622 0.9681607 2418398.6216216
9.0875963 2.3779122 -0.4024162 -0.1392852 0.1983382 0.6795242 0.6924655 2418409.3783784
9.0689054 2.4357120 -0.4026948 0.0239765 0.2411712 0.9668064 0.0809138 2418420.1351351
9.0498468 2.4934107 -0.4029571 -0.1756092 -0.1670324 -0.7851724 0.5698824 2418430.8918919
9.0304127 2.5510017 -0.4032003 -0.2420687 -0.0118803 -0.2227175 0.9442767 2418441.6486486
9.0106032 2.6084911 -0.4034288 -0.1911211 0.1490340 0.4477588 0.8606821 2418452.4054054
8.9904274 2.6658729 -0.4036414 -0.0474768 0.2376644 0.9010651 0.3596432 2418463.1621622
8.9698782 2.7231392 -0.4038346 0.1191946 0.2110239 0.9173408 -0.3158282 2418473.9189189
8.9489544 2.7802962 -0.4040128 -0.2280547 -0.0820334 -0.4886919 0.8381180 2418484.6756757
8.9276656 2.8373388 -0.4041753 -0.2263047 0.0867445 0.1769802 0.9539075 2418495.4324324
8.9060057 2.8942584 -0.4043185 -0.1147934 0.2134500 0.7568142 0.6070370 2418506.1891892
8.8839721 2.9510608 -0.4044461 0.0523945 0.2366289 0.9695814 -0.0342560 2418516.9459460
8.8615747 3.0077422 -0.4045584 -0.1941702 -0.1450391 -0.7120865 0.6589343 2418527.7027027
8.8388088 3.0642931 -0.4046512 -0.2417704 0.0168970 -0.1092186 0.9640191 2418538.4594595
8.8156704 3.1207189 -0.4047281 -0.1721081 0.1706377 0.5466221 0.8015397 2418549.2162162
8.7921694 3.1770170 -0.4047899 -0.0189706 0.2416165 0.9373425 0.2503010 2418559.9729730
8.7683023 3.2331774 -0.4048322 0.1433678 0.1954075 0.8734372 -0.4223376 2418570.7297298
8.7440640 3.2892046 -0.4048582 -0.2361707 -0.0544228 -0.3859012 0.8901359 2418581.4864865
8.7194643 3.3450973 -0.4048693 -0.2144270 0.1129578 0.2888029 0.9262043 2418592.2432433
8.6945012 3.4008447 -0.4048610 -0.0886829 0.2255521 0.8234331 0.5130492 2418603.0000000
8.6691684 3.4564507 -0.4048358 0.0800738 0.2287501 0.9586854 -0.1489427 2418613.7567568
8.6434757 3.5119151 -0.4047960 -0.2099935 -0.1210007 -0.6289603 0.7386952 2418624.5135135
8.6174224 3.5672270 -0.4047369 -0.2380630 0.0454360 0.0058204 0.9701689 2418635.2702703
8.5910016 3.6223892 -0.4046605 -0.1506682 0.1898355 0.6377780 0.7310956 2418646.0270270
8.5642224 3.6774027 -0.4045696 0.0098030 0.2421618 0.9604034 0.1374295 2418656.7837838
8.5370857 3.7322565 -0.4044595 -0.1655196 -0.1770358 -0.8172181 0.5228920 2418667.5405405
8.5095839 3.7869524 -0.4043319 -0.2409566 -0.0260447 -0.2776693 0.9296028 2418678.2972973
8.4817254 3.8414924 -0.4041896 -0.1995259 0.1375785 0.3965534 0.8854417 2418689.0540541
8.4535128 3.8958658 -0.4040286 -0.0613220 0.2344740 0.8784416 0.4118275 2418699.8108108
8.4249378 3.9500731 -0.4038496 0.1066241 0.2176459 0.9342719 -0.2615294 2418710.5675676
8.3960081 4.0041176 -0.4036560 -0.2228558 -0.0952562 -0.5369657 0.8080405 2418721.3243243
8.3667277 4.0579887 -0.4034440 -0.2309989 0.0733343 0.1207772 0.9626393 2418732.0810811
8.3370879 4.1116859 -0.4032135 -0.1271040 0.2063565 0.7199413 0.6503431 2418742.8378378
8.3070953 4.1652134 -0.4029685 0.0384384 0.2392925 0.9699226 0.0226203 2418753.5945946
8.2767551 4.2185610 -0.4027054 -0.1853375 -0.1561679 -0.7494763 0.6160737 2418764.3513513
8.2460586 4.2717269 -0.4024235 -0.2423451 0.0027006 -0.1655223 0.9559623 2418775.1081081
8.2150111 4.3247159 -0.4021269 -0.1818115 0.1602592 0.4987126 0.8321943 2418785.8648648
8.1836194 4.3775185 -0.4018126 -0.0330964 0.2400897 0.9210641 0.3047990 2418796.6216216
8.1518745 4.4301315 -0.4014792 0.1316709 0.2034729 0.8966852 -0.3704285 2418807.3783784
8.1197809 4.4825603 -0.4011310 -0.2325758 -0.0681685 -0.4373999 0.8659924 2418818.1351351
8.0873461 4.5347963 -0.4007654 -0.2206777 0.1001986 0.2340311 0.9415365 2418828.8918919
8.0545616 4.5868349 -0.4003805 -0.1017475 0.2199679 0.7919534 0.5604207 2418839.6486486
8.0214306 4.6386819 -0.3999807 0.0665318 0.2330492 0.9657659 -0.0925079 2418850.4054054
7.9879615 4.6903294 -0.3995638 -0.2025422 -0.1330981 -0.6711669 0.7005687 2418861.1621622
7.9541467 4.7417716 -0.3991274 -0.2403164 0.0314078 -0.0510415 0.9688428 2418871.9189189
7.9199878 4.7930145 -0.3986759 -0.1615334 0.1806803 0.5938399 0.7672130 2418882.6756757
7.8854944 4.8440513 -0.3982077 -0.0044042 0.2423201 0.9506996 0.1934729 2418893.4324324
7.8506595 4.8948752 -0.3977199 0.1548612 0.1864308 0.8464552 -0.4741046 2418904.1891892
7.8154835 4.9454923 -0.3972168 -0.2390164 -0.0401197 -0.3316668 0.9117339 2418914.9459460
7.7799764 4.9958969 -0.3966974 -0.2072450 0.1256501 0.3439852 0.9071581 2418925.7027027
7.7441323 5.0460812 -0.3961583 -0.0749565 0.2304777 0.8527990 0.4625964 2418936.4594595
7.7079501 5.0960510 -0.3956036 0.0936871 0.2235199 0.9479920 -0.2063317 2418947.2162162
7.6714404 5.1458020 -0.3950330 -0.2168910 -0.1081515 -0.5833941 0.7751857 2418957.9729730
7.6345983 5.1953253 -0.3944427 -0.2348993 0.0596721 0.0641591 0.9680626 2418968.7297298
7.5974216 5.2446268 -0.3938365 -0.1389778 0.1985538 0.6805941 0.6914140 2418979.4864865
7.5599210 5.2937032 -0.3932148 0.0243501 0.2411338 0.9669303 0.0794188 2418990.2432433
7.5220928 5.3425450 -0.3925734 -0.1758679 -0.1667601 -0.7842903 0.5710957 2419001.0000000
7.4839334 5.3911574 -0.3919158 -0.2420869 -0.0115052 -0.2212572 0.9446199 2419011.7567568
7.4454535 5.4395386 -0.3912430 -0.1908900 0.1493300 0.4490891 0.8599887 2419022.5135135
7.4066508 5.4876782 -0.3905507 -0.0471085 0.2377377 0.9016201 0.3582495 2419033.2702703
7.3675207 5.5355809 -0.3898417 0.1195214 0.2108390 0.9168513 -0.3172462 2419044.0270270
7.3280736 5.5832458 -0.3891179 -0.2281816 -0.0816800 -0.4873954 0.8388726 2419054.7837838
7.2883088 5.6306623 -0.3883747 -0.2261700 0.0870951 0.1784550 0.9536327 2419065.5405405
7.2482207 5.6778343 -0.3876147 -0.1144625 0.2136277 0.7577519 0.6058660 2419076.2972973
7.2078193 5.7247622 -0.3868399 0.0527611 0.2365475 0.9695273 -0.0357551 2419087.0540540
7.1671055 5.7714352 -0.3860461 -0.1943948 -0.1447381 -0.7110668 0.6600345 2419097.8108108
7.1260726 5.8178560 -0.3852350 -0.2417439 0.0172716 -0.1077279 0.9641868 2419108.5675676
7.0847304 5.8640262 -0.3844095 -0.1718435 0.1709042 0.5478608 0.8006935 2419119.3243243
7.0430811 5.9099351 -0.3835652 -0.0185962 0.2416457 0.9377284 0.2488513 2419130.0810811
7.0011175 5.9555843 -0.3827034 0.1436705 0.1951851 0.8727831 -0.4236876 2419140.8378378
6.9588486 6.0009766 -0.3818273 -0.2362548 -0.0540568 -0.3845244 0.8907315 2419151.5945946
6.9162782 6.0461014 -0.3809328 -0.2142518 0.1132900 0.2902347 0.9257567 2419162.3513513
6.8733986 6.0909593 -0.3800205 -0.0883333 0.2256893 0.8242254 0.5117754 2419173.1081081
6.8302177 6.1355541 -0.3790940 0.0804282 0.2286258 0.9584539 -0.1504249 2419183.8648649
6.7867408 6.1798756 -0.3781495 -0.2101808 -0.1206752 -0.6278173 0.7396668 2419194.6216216
6.7429598 6.2239230 -0.3771870 -0.2379924 0.0458048 0.0073204 0.9701587 2419205.3783784
6.6988816 6.2677011 -0.3762103 -0.1503739 0.1900687 0.6389077 0.7301086 2419216.1351351
6.6545127 6.3112000 -0.3752161 0.0101782 0.2421463 0.9606147 0.1359444 2419226.8918919
6.6098450 6.3544179 -0.3742036 -0.1657938 -0.1767792 -0.8164087 0.5241550 2419237.6486487
6.5648845 6.3973600 -0.3731770 -0.2409968 -0.0256713 -0.2762316 0.9300310 2419248.4054054
6.5196386 6.4400173 -0.3721333 -0.1993125 0.1378875 0.3979220 0.8848274 2419259.1621622
6.4740996 6.4823865 -0.3710711 -0.0609586 0.2345688 0.8790773 0.4104688 2419269.9189189
6.4282719 6.5244735 -0.3699948 0.1069612 0.2174805 0.9338664 -0.2629737 2419280.6756757
6.3821642 6.5662700 -0.3689019 -0.2230031 -0.0949107 -0.5357157 0.8088698 2419291.4324325
6.3357692 6.6077715 -0.3677903 -0.2308851 0.0736922 0.1222655 0.9624514 2419302.1891892
6.2890902 6.6489840 -0.3666646 -0.1267841 0.2065532 0.7209460 0.6492291 2419312.9459460
6.2421368 6.6899003 -0.3655227 0.0388091 0.2392327 0.9699564 0.0211205 2419323.7027027
6.1949024 6.7305147 -0.3643622 -0.1855793 -0.1558806 -0.7485228 0.6172318 2419334.4594595
6.1473890 6.7708336 -0.3631874 -0.2423407 0.0030761 -0.1640440 0.9562171 2419345.2162162
6.0996070 6.8108508 -0.3619970 -0.1815630 0.1605408 0.4999987 0.8314222 2419355.9729730
6.0515505 6.8505596 -0.3607878 -0.0327244 0.2401407 0.9215343 0.3033745 2419366.7297297
6.0032202 6.8899664 -0.3595642 0.1319860 0.2032686 0.8961113 -0.3718145 2419377.4864865
5.9546271 6.9290664 -0.3583256 -0.2326812 -0.0678081 -0.4360604 0.8666677 2419388.2432433
5.9057664 6.9678515 -0.3570683 -0.2205223 0.1005405 0.2354866 0.9411735 2419399.0000000
5.8566373 7.0063283 -0.3557964 -0.1014066 0.2201253 0.7928190 0.5591955 2419409.7567568
5.8072513 7.0444932 -0.3545099 0.0668928 0.2329459 0.9656217 -0.0940011 2419420.5135135
5.7576046 7.0823375 -0.3532049 -0.2027482 -0.1327841 -0.6700829 0.7016056 2419431.2702703
5.7076952 7.1198673 -0.3518851 -0.2402675 0.0317801 -0.0495434 0.9689205 2419442.0270270
5.6575345 7.1570803 -0.3505512 -0.1612533 0.1809305 0.5950254 0.7662938 2419452.7837838
5.6071200 7.1939671 -0.3491989 -0.0040287 0.2423267 0.9509976 0.1920027 2419463.5405405
5.5564484 7.2305332 -0.3478315 0.1551499 0.1861907 0.8457211 -0.4754128 2419474.2972973
5.5055312 7.2667774 -0.3464505 -0.2390784 -0.0397493 -0.3302567 0.9122456 2419485.0540540
5.4543672 7.3026899 -0.3450513 -0.2070501 0.1259712 0.3453874 0.9066251 2419495.8108108
5.4029520 7.3382754 -0.3436369 -0.0745993 0.2305936 0.8535132 0.4612773 2419506.5675676
5.3512970 7.3735342 -0.3422092 0.0940334 0.2233746 0.9476718 -0.2077973 2419517.3243243
5.2994023 7.4084559 -0.3407637 -0.2170583 -0.1078153 -0.5821948 0.7760869 2419528.0810811
5.2472627 7.4430444 -0.3393027 -0.2348066 0.0600360 0.0656558 0.9679622 2419538.8378378
5.1948889 7.4773012 -0.3378287 -0.1386700 0.1987690 0.6816623 0.6903608 2419549.5945946
5.1422827 7.5112157 -0.3363373 0.0247237 0.2410958 0.9670519 0.0779236 2419560.3513513
5.0894382 7.5447909 -0.3348303 -0.1761261 -0.1664875 -0.7834063 0.5723077 2419571.1081081
5.0363654 7.5780293 -0.3333106 -0.2421045 -0.0111300 -0.2197963 0.9449609 2419581.8648649
4.9830679 7.6109206 -0.3317739 -0.1906584 0.1496256 0.4504182 0.8592933 2419592.6216216
4.9295389 7.6434666 -0.3302214 -0.0467400 0.2378105 0.9021729 0.3568550 2419603.3783784
4.8757878 7.6756710 -0.3286564 0.1198480 0.2106536 0.9163597 -0.3186635 2419614.1351351
4.8218194 7.7075238 -0.3270750 -0.2283079 -0.0813263 -0.4860977 0.8396252 2419624.8918919
4.7676266 7.7390257 -0.3254775 -0.2260349 0.0874454 0.1799293 0.9533556 2419635.6486487
4.7132178 7.7701813 -0.3238679 -0.1141314 0.2138048 0.7586877 0.6046937 2419646.4054054
4.6585992 7.8009810 -0.3222423 0.0531276 0.2364655 0.9694708 -0.0372542 2419657.1621622
4.6037633 7.8314242 -0.3206005 -0.1946189 -0.1444367 -0.7100454 0.6611332 2419667.9189189
4.5487177 7.8615163 -0.3189467 -0.2417170 0.0176462 -0.1062369 0.9643522 2419678.6756757
4.4934697 7.8912484 -0.3172775 -0.1715785 0.1711704 0.5490982 0.7998454 2419689.4324325
4.4380120 7.9206187 -0.3155921 -0.0182218 0.2416742 0.9381120 0.2474011 2419700.1891892
4.3823507 7.9496333 -0.3138946 0.1439728 0.1949623 0.8721269 -0.4250366 2419710.9459460
4.3264943 7.9782838 -0.3121825 -0.2363383 -0.0536906 -0.3831467 0.8913249 2419721.7027027
4.2704359 8.0065673 -0.3104539 -0.2140760 0.1136219 0.2916657 0.9253068 2419732.4594595
4.2141802 8.0344901 -0.3087134 -0.0879835 0.2258260 0.8250157 0.5105004 2419743.2162162
4.1577370 8.0620450 -0.3069588 0.0807824 0.2285010 0.9582202 -0.1519067 2419753.9729730
4.1010997 8.0892276 -0.3051878 -0.2103675 -0.1203494 -0.6266729 0.7406366 2419764.7297297
4.0442720 8.1160448 -0.3034049 -0.2379212 0.0461735 0.0088205 0.9701462 2419775.4864865
3.9872643 8.1424905 -0.3016085 -0.1500793 0.1903016 0.6400358 0.7291198 2419786.2432432
3.9300708 8.1685590 -0.2997958 0.0105534 0.2421303 0.9608238 0.1344589 2419797.0000000
3.8726938 8.1942576 -0.2979712 -0.1660675 -0.1765221 -0.8155972 0.5254167 2419807.7567567
3.8151445 8.2195812 -0.2961337 -0.2410363 -0.0252979 -0.2747933 0.9304570 2419818.5135135
3.7574179 8.2445232 -0.2942800 -0.1990987 0.1381962 0.3992897 0.8842111 2419829.2702703
3.6995148 8.2690908 -0.2924144 -0.0605951 0.2346630 0.8797109 0.4091090 2419840.0270270
3.6414471 8.2932801 -0.2905364 0.1072981 0.2173145 0.9334586 -0.2644173 2419850.7837838
3.5832107 8.3170838 -0.2886425 -0.2231500 -0.0945651 -0.5344643 0.8096971 2419861.5405405
3.5248052 8.3405090 -0.2867365 -0.2307707 0.0740499 0.1237535 0.9622612 2419872.2972973
3.4662424 8.3635530 -0.2848189 -0.1264639 0.2067495 0.7219490 0.6481136 2419883.0540540
3.4075196 8.3862077 -0.2828854 0.0391798 0.2391724 0.9699879 0.0196208 2419893.8108108
3.3486348 8.4084797 -0.2809399 -0.1858207 -0.1555929 -0.7475676 0.6183884 2419904.5675676
3.2896000 8.4303677 -0.2789832 -0.2423357 0.0034516 -0.1625653 0.9564696 2419915.3243243
3.2304137 8.4518628 -0.2770110 -0.1813140 0.1608220 0.5012837 0.8306480 2419926.0810811
3.1710728 8.4729710 -0.2750266 -0.0323522 0.2401912 0.9220023 0.3019493 2419936.8378378
3.1115892 8.4936922 -0.2730315 0.1323009 0.2030639 0.8955353 -0.3731996 2419947.5945946
3.0519629 8.5140171 -0.2710214 -0.2327860 -0.0674475 -0.4347198 0.8673409 2419958.3513514
2.9921895 8.5339511 -0.2689989 -0.2203663 0.1008821 0.2369416 0.9408083 2419969.1081081
2.9322807 8.5534952 -0.2669662 -0.1010654 0.2202822 0.7936827 0.5579690 2419979.8648649
2.8722379 8.5726398 -0.2649189 0.0672537 0.2328421 0.9654752 -0.0954940 2419990.6216216
2.8120559 8.5913893 -0.2628591 -0.2029538 -0.1324698 -0.6689972 0.7026409 2420001.3783784
2.7517459 8.6097461 -0.2607896 -0.2402181 0.0321524 -0.0480452 0.9689960 2420012.1351352
2.6913108 8.6277004 -0.2587059 -0.1609728 0.1811801 0.5962096 0.7653729 2420022.8918919
2.6307450 8.6452557 -0.2566097 -0.0036532 0.2423327 0.9512934 0.1905320 2420033.6486487
2.5700587 8.6624155 -0.2545041 0.1554382 0.1859501 0.8449850 -0.4767199 2420044.4054054
2.5092565 8.6791704 -0.2523850 -0.2391397 -0.0393788 -0.3288458 0.9127552 2420055.1621622
2.4483320 8.6955227 -0.2502533 -0.2068547 0.1262919 0.3467888 0.9060900 2420065.9189189
2.3872946 8.7114771 -0.2481125 -0.0742419 0.2307090 0.8542254 0.4599570 2420076.6756757
2.3261503 8.7270244 -0.2459587 0.0943794 0.2232286 0.9473494 -0.2092623 2420087.4324325
2.2648922 8.7421657 -0.2437923 -0.2172252 -0.1074789 -0.5809941 0.7769861 2420098.1891892
2.2035290 8.7569067 -0.2416171 -0.2347134 0.0603998 0.0671524 0.9678595 2420108.9459460
2.1420678 8.7712388 -0.2394296 -0.1383619 0.1989836 0.6827289 0.6893060 2420119.7027027
2.0805016 8.7851619 -0.2372294 0.0250973 0.2410573 0.9671712 0.0764283 2420130.4594595
2.0188378 8.7986823 -0.2350206 -0.1763839 -0.1662144 -0.7825204 0.5735183 2420141.2162162
1.9570848 8.8117924 -0.2328002 -0.2421215 -0.0107549 -0.2183350 0.9452996 2420151.9729730
1.8952357 8.8244905 -0.2305671 -0.1904264 0.1499209 0.4517463 0.8585958 2420162.7297297
1.8332965 8.8367838 -0.2283256 -0.0463715 0.2378827 0.9027236 0.3554596 2420173.4864865
1.7712767 8.8486652 -0.2260732 0.1201743 0.2104677 0.9158659 -0.3200800 2420184.2432432
1.7091699 8.8601318 -0.2238081 -0.2284337 -0.0809725 -0.4847989 0.8403758 2420195.0000000
1.6469808 8.8711913 -0.2215348 -0.2258992 0.0877956 0.1814031 0.9530763 2420205.7567567
1.5847198 8.8818376 -0.2192513 -0.1138000 0.2139815 0.7596218 0.6035198 2420216.5135135
1.5223811 8.8920668 -0.2169552 0.0534940 0.2363830 0.9694120 -0.0387531 2420227.2702703
1.4599680 8.9018868 -0.2146509 -0.1948425 -0.1441350 -0.7090223 0.6622302 2420238.0270270
1.3974918 8.9112924 -0.2123372 -0.2416894 0.0180207 -0.1047457 0.9645153 2420248.7837838
1.3349471 8.9202789 -0.2100110 -0.1713131 0.1714361 0.5503342 0.7989955 2420259.5405405
1.2723362 8.9288540 -0.2076768 -0.0178473 0.2417023 0.9384934 0.2459503 2420270.2972973
1.2096707 8.9370141 -0.2053338 0.1442747 0.1947391 0.8714687 -0.4263846 2420281.0540540
1.1469464 8.9447531 -0.2029786 -0.2364213 -0.0533244 -0.3817680 0.8919163 2420291.8108108
1.0841640 8.9520791 -0.2006155 -0.2138998 0.1139535 0.2930961 0.9248547 2420302.5675676
1.0213357 8.9589896 -0.1982442 -0.0876335 0.2259621 0.8258040 0.5092241 2420313.3243243
0.9584580 8.9654776 -0.1958609 0.0811363 0.2283756 0.9579841 -0.1533881 2420324.0810811
0.8955305 8.9715511 -0.1934697 -0.2105538 -0.1200233 -0.6255270 0.7416047 2420334.8378378
0.8325651 8.9772087 -0.1910711 -0.2378494 0.0465421 0.0103205 0.9701314 2420345.5945946
0.7695600 8.9824428 -0.1886608 -0.1497843 0.1905339 0.6411624 0.7281293 2420356.3513514
0.7065131 8.9872606 -0.1862426 0.0109286 0.2421138 0.9610305 0.1329731 2420367.1081081
0.6434366 8.9916622 -0.1838175 -0.1663409 -0.1762646 -0.8147838 0.5266771 2420377.8648649
0.5803298 8.9956394 -0.1813813 -0.2410753 -0.0249244 -0.2733543 0.9308807 2420388.6216216
0.5171896 8.9991989 -0.1789370 -0.1988844 0.1385046 0.4006564 0.8835926 2420399.3783784
0.4540279 9.0023418 -0.1764864 -0.0602314 0.2347567 0.8803424 0.4077483 2420410.1351352
0.3908455 9.0050598 -0.1740252 0.1076347 0.2171481 0.9330487 -0.2658603 2420420.8918919
0.3276381 9.0073584 -0.1715558 -0.2232963 -0.0942193 -0.5332117 0.8105225 2420431.6486487
0.2644174 9.0092403 -0.1690808 -0.2306557 0.0744074 0.1252412 0.9620687 2420442.4054054
0.2011856 9.0106967 -0.1665956 -0.1261435 0.2069453 0.7229502 0.6469965 2420453.1621622
0.1379376 9.0117325 -0.1641023 0.0395503 0.2391115 0.9700171 0.0181209 2420463.9189189
0.0746846 9.0123514 -0.1616037 -0.1860616 -0.1553048 -0.7466105 0.6195436 2420474.6756757
0.0114303 9.0125448 -0.1590956 -0.2423301 0.0038271 -0.1610862 0.9567198 2420485.4324324
-0.0518311 9.0123166 -0.1565794 -0.1810647 0.1611028 0.5025674 0.8298720 2420496.1891892
-0.1150892 9.0116718 -0.1540584 -0.0319800 0.2402411 0.9224680 0.3005233 2420506.9459459
-0.1783389 9.0106018 -0.1515286 0.1326154 0.2028587 0.8949572 -0.3745839 2420517.7027027
-0.2415867 9.0091097 -0.1489905 -0.2328903 -0.0670867 -0.4333782 0.8680120 2420528.4594595
-0.3048230 9.0072012 -0.1464481 -0.2202097 0.1012234 0.2383960 0.9404408 2420539.2162162
-0.3680414 9.0048685 -0.1438975 -0.1007240 0.2204386 0.7945444 0.5567411 2420549.9729730
-0.4312486 9.0021131 -0.1413388 0.0676145 0.2327376 0.9653264 -0.0969867 2420560.7297297
-0.4944362 8.9989420 -0.1387760 -0.2031588 -0.1321552 -0.6679100 0.7036744 2420571.4864865
-0.5575967 8.9953478 -0.1362058 -0.2401680 0.0325245 -0.0465468 0.9690691 2420582.2432432
-0.6207369 8.9913309 -0.1336275 -0.1606919 0.1814294 0.5973923 0.7644501 2420593.0000000
-0.6838497 8.9868989 -0.1310453 -0.0032777 0.2423382 0.9515868 0.1890609 2420603.7567567
-0.7469263 8.9820451 -0.1284565 0.1557262 0.1857091 0.8442469 -0.4780258 2420614.5135135
-0.8099735 8.9767685 -0.1258596 -0.2392005 -0.0390082 -0.3274340 0.9132625 2420625.2702703
-0.8729855 8.9710773 -0.1232591 -0.2066588 0.1266123 0.3481894 0.9055527 2420636.0270270
-0.9359523 8.9649656 -0.1206528 -0.0738843 0.2308238 0.8549356 0.4586356 2420646.7837838
-0.9988802 8.9584314 -0.1180385 0.0947252 0.2230822 0.9470246 -0.2107268 2420657.5405405
-1.0617649 8.9514831 -0.1154208 -0.2173915 -0.1071422 -0.5797920 0.7778835 2420668.2972973
-1.1245956 8.9441160 -0.1127979 -0.2346195 0.0607634 0.0686489 0.9677545 2420679.0540541
-1.1873781 8.9363267 -0.1101674 -0.1380534 0.1991978 0.6837939 0.6882495 2420689.8108108
-1.2501092 8.9281242 -0.1075336 0.0254708 0.2410182 0.9672883 0.0749327 2420700.5675676
-1.3127776 8.9195045 -0.1048954 -0.1766413 -0.1659409 -0.7816327 0.5747276 2420711.3243243
-1.3753881 8.9104634 -0.1022497 -0.2421380 -0.0103797 -0.2168731 0.9456361 2420722.0810811
-1.4379390 8.9010098 -0.0996009 -0.1901939 0.1502158 0.4530734 0.8578963 2420732.8378379
-1.5004184 8.8911413 -0.0969484 -0.0460029 0.2379543 0.9032722 0.3540634 2420743.5945946
-1.5628303 8.8808525 -0.0942888 0.1205003 0.2102813 0.9153698 -0.3214957 2420754.3513514
-1.6251744 8.8701524 -0.0916261 -0.2285590 -0.0806185 -0.4834989 0.8411244 2420765.1081081
-1.6874386 8.8590397 -0.0889605 -0.2257629 0.0881455 0.1828766 0.9527946 2420775.8648649
-1.7496258 8.8475083 -0.0862881 -0.1134683 0.2141576 0.7605541 0.6023446 2420786.6216216
-1.8117371 8.8355667 -0.0836127 0.0538602 0.2362998 0.9693509 -0.0402520 2420797.3783784
-1.8737603 8.8232150 -0.0809350 -0.1950657 -0.1438330 -0.7079975 0.6633257 2420808.1351352
-1.9356969 8.8104463 -0.0782510 -0.2416612 0.0183952 -0.1032542 0.9646761 2420818.8918919
-1.9975495 8.7972687 -0.0755639 -0.1710473 0.1717013 0.5515690 0.7981436 2420829.6486487
-2.0593059 8.7836836 -0.0728753 -0.0174728 0.2417297 0.9388726 0.2444989 2420840.4054054
-2.1209663 8.7696836 -0.0701807 0.1445764 0.1945153 0.8708084 -0.4277315 2420851.1621622
-2.1825345 8.7552761 -0.0674832 -0.2365037 -0.0529580 -0.3803885 0.8925055 2420861.9189189
-2.2439986 8.7404636 -0.0647846 -0.2137230 0.1142848 0.2945258 0.9244004 2420872.6756757
-2.3053574 8.7252385 -0.0620807 -0.0872833 0.2260977 0.8265904 0.5079466 2420883.4324324
-2.3666156 8.7096072 -0.0593737 0.0814901 0.2282496 0.9577458 -0.1548692 2420894.1891892
-2.4277616 8.6935737 -0.0566664 -0.2107396 -0.1196969 -0.6243795 0.7425710 2420904.9459459
-2.4887930 8.6771301 -0.0539543 -0.2377771 0.0469107 0.0118205 0.9701143 2420915.7027027
-2.5497151 8.6602821 -0.0512391 -0.1494889 0.1907658 0.6422875 0.7271370 2420926.4594594
-2.6105173 8.6430348 -0.0485241 0.0113037 0.2420966 0.9612350 0.1314870 2420937.2162162
-2.6711954 8.6253805 -0.0458050 -0.1666139 -0.1760067 -0.8139685 0.5279363 2420947.9729730
-2.7317557 8.6073238 -0.0430829 -0.2411137 -0.0245508 -0.2719146 0.9313023 2420958.7297297
-2.7921884 8.5888709 -0.0403613 -0.1986696 0.1388126 0.4020221 0.8829721 2420969.4864865
-2.8524879 8.5700145 -0.0376363 -0.0598676 0.2348498 0.8809718 0.4063866 2420980.2432432
-2.9126611 8.5507579 -0.0349084 0.1079711 0.2169811 0.9326364 -0.2673027 2420991.0000000
-2.9726990 8.5311084 -0.0321814 -0.2234421 -0.0938732 -0.5319578 0.8113460 2421001.7567567
-3.0325950 8.5110590 -0.0294517 -0.2305402 0.0747647 0.1267286 0.9618739 2421012.5135135
-3.0923560 8.4906121 -0.0267191 -0.1258227 0.2071405 0.7239497 0.6458779 2421023.2702703
-3.1519746 8.4697757 -0.0239878 0.0399208 0.2390499 0.9700439 0.0166211 2421034.0270270
-3.2114427 8.4485434 -0.0212546 -0.1863021 -0.1550164 -0.7456517 0.6206972 2421044.7837838
-3.2707676 8.4269161 -0.0185185 -0.2423239 0.0042025 -0.1596067 0.9569677 2421055.5405405
-3.3299429 8.4049025 -0.0157840 -0.1808149 0.1613832 0.5038500 0.8290939 2421066.2972973
-3.3889595 8.3824969 -0.0130483 -0.0316078 0.2402904 0.9229316 0.2990966 2421077.0540541
-3.4478243 8.3596991 -0.0103099 0.1329296 0.2026531 0.8943769 -0.3759672 2421087.8108108
-3.5065323 8.3365183 -0.0075733 -0.2329940 -0.0667258 -0.4320355 0.8686810 2421098.5675676
-3.5650734 8.3129497 -0.0048363 -0.2200527 0.1015646 0.2398498 0.9400710 2421109.3243243
-3.6234542 8.2889917 -0.0020967 -0.1003823 0.2205945 0.7954043 0.5555119 2421120.0810811
-3.6816710 8.2646540 0.0006409 0.0679750 0.2326326 0.9651753 -0.0984792 2421130.8378379
-3.7397129 8.2399328 0.0033781 -0.2033634 -0.1318403 -0.6668212 0.7047063 2421141.5945946
-3.7975859 8.2148255 0.0061177 -0.2401174 0.0328967 -0.0450484 0.9691399 2421152.3513514
-3.8552874 8.1893416 0.0088551 -0.1604107 0.1816782 0.5985736 0.7635255 2421163.1081081
-3.9128062 8.1634789 0.0115914 -0.0029022 0.2423430 0.9518780 0.1875893 2421173.8648649
-3.9701471 8.1372336 0.0143297 0.1560138 0.1854676 0.8435067 -0.4793306 2421184.6216216
-4.0273093 8.1106154 0.0170658 -0.2392607 -0.0386375 -0.3260215 0.9137677 2421195.3783784
-4.0842811 8.0836234 0.0197999 -0.2064624 0.1269324 0.3495892 0.9050132 2421206.1351351
-4.1410664 8.0562527 0.0225359 -0.0735266 0.2309381 0.8556437 0.4573131 2421216.8918919
-4.1976658 8.0285130 0.0252695 0.0950708 0.2229352 0.9466977 -0.2121909 2421227.6486487
-4.2540674 8.0004044 0.0280005 -0.2175573 -0.1068053 -0.5785885 0.7787790 2421238.4054054
-4.3102741 7.9719215 0.0307328 -0.2345252 0.0611269 0.0701451 0.9676472 2421249.1621622
-4.3662879 7.9430734 0.0334629 -0.1377446 0.1994116 0.6848573 0.6871914 2421259.9189189
-4.4220967 7.9138617 0.0361896 0.0258442 0.2409785 0.9674029 0.0734370 2421270.6756757
-4.4777023 7.8842801 0.0389172 -0.1768982 -0.1656671 -0.7807431 0.5759355 2421281.4324324
-4.5331079 7.8543374 0.0416425 -0.2421538 -0.0100045 -0.2154107 0.9459702 2421292.1891892
-4.5883018 7.8240363 0.0443639 -0.1899610 0.1505104 0.4543993 0.8571947 2421302.9459459
-4.6432845 7.7933700 0.0470858 -0.0456341 0.2380254 0.9038185 0.3526663 2421313.7027027
-4.6980602 7.7623466 0.0498053 0.1208260 0.2100943 0.9148716 -0.3229107 2421324.4594594
-4.7526176 7.7309698 0.0525203 -0.2286837 -0.0802642 -0.4821977 0.8418710 2421335.2162162
-4.8069557 7.6992328 0.0552351 -0.2256261 0.0884953 0.1843496 0.9525107 2421345.9729730
-4.8610796 7.6671427 0.0579477 -0.1131364 0.2143332 0.7614845 0.6011679 2421356.7297297
-4.9149787 7.6347045 0.0606551 0.0542263 0.2362162 0.9692875 -0.0417508 2421367.4864865
-4.9686505 7.6019114 0.0633619 -0.1952883 -0.1435306 -0.7069710 0.6644196 2421378.2432432
-5.0221010 7.5687694 0.0660663 -0.2416325 0.0187696 -0.1017625 0.9648346 2421389.0000000
-5.0753203 7.5352848 0.0687652 -0.1707811 0.1719662 0.5528024 0.7972897 2421399.7567568
-5.1283046 7.5014509 0.0714627 -0.0170982 0.2417565 0.9392495 0.2430469 2421410.5135135
-5.1810605 7.4672724 0.0741579 0.1448776 0.1942911 0.8701459 -0.4290775 2421421.2702703
-5.2335790 7.4327569 0.0768472 -0.2365855 -0.0525915 -0.3790080 0.8930926 2421432.0270270
-5.2858548 7.3978978 0.0795343 -0.2135457 0.1146159 0.2959547 0.9239438 2421442.7837838
-5.3378953 7.3626990 0.0822191 -0.0869329 0.2262327 0.8273748 0.5066679 2421453.5405406
-5.3896923 7.3271688 0.0848976 0.0818437 0.2281231 0.9575052 -0.1563498 2421464.2972973
-5.4412396 7.2913012 0.0875733 -0.2109249 -0.1193703 -0.6232306 0.7435355 2421475.0540541
-5.4925446 7.2550987 0.0902466 -0.2377041 0.0472790 0.0133205 0.9700948 2421485.8108108
-5.5436006 7.2185702 0.0929133 -0.1491932 0.1909973 0.6434110 0.7261430 2421496.5675676
-5.5944000 7.1817106 0.0955765 0.0116788 0.2420789 0.9614371 0.1300005 2421507.3243243
-5.6449503 7.1445208 0.0982373 -0.1668864 -0.1757484 -0.8131512 0.5291943 2421518.0810811
-5.6952459 7.1070105 0.1008912 -0.2411515 -0.0241772 -0.2704743 0.9317216 2421528.8378379
-5.7452782 7.0691753 0.1035408 -0.1984543 0.1391203 0.4033869 0.8823494 2421539.5945946
-5.7950543 7.0310150 0.1061880 -0.0595037 0.2349423 0.8815991 0.4050240 2421550.3513514
-5.8445703 6.9925398 0.1088280 0.1083072 0.2168136 0.9322220 -0.2687444 2421561.1081081
-5.8938165 6.9537459 0.1114631 -0.2235873 -0.0935269 -0.5307027 0.8121675 2421571.8648649
-5.9427997 6.9146321 0.1140955 -0.2304241 0.0751219 0.1282157 0.9616767 2421582.6216216
-5.9915171 6.8752088 0.1167207 -0.1255016 0.2073353 0.7249475 0.6447577 2421593.3783784
-6.0399583 6.8354735 0.1193401 0.0402912 0.2389879 0.9700684 0.0151211 2421604.1351351
-6.0881294 6.7954237 0.1219567 -0.1865421 -0.1547276 -0.7446910 0.6218494 2421614.8918919
-6.1360290 6.7550700 0.1245660 -0.2423172 0.0045780 -0.1581268 0.9572133 2421625.6486486
-6.1836464 6.7144112 0.1271687 -0.1805646 0.1616632 0.5051313 0.8283138 2421636.4054054
-6.2309867 6.6734439 0.1297684 -0.0312354 0.2403392 0.9233929 0.2976692 2421647.1621622
-6.2780502 6.6321785 0.1323607 0.1332435 0.2024469 0.8937945 -0.3773496 2421657.9189189
-6.3248257 6.5906152 0.1349458 -0.2330972 -0.0663647 -0.4306919 0.8693480 2421668.6756757
-6.3713175 6.5487494 0.1375274 -0.2198951 0.1019054 0.2413031 0.9396990 2421679.4324324
-6.4175273 6.5065915 0.1401017 -0.1000404 0.2207498 0.7962623 0.5542813 2421690.1891892
-6.4634437 6.4641427 0.1426682 0.0683354 0.2325271 0.9650218 -0.0999714 2421700.9459459
-6.5090700 6.4213979 0.1452308 -0.2035675 -0.1315251 -0.6657307 0.7057365 2421711.7027027
-6.5544091 6.3783669 0.1477862 -0.2400662 0.0332687 -0.0435498 0.9692084 2421722.4594594
-6.5994499 6.3350521 0.1503330 -0.1601290 0.1819266 0.5997534 0.7625990 2421733.2162162
-6.6441945 6.2914479 0.1528757 -0.0025267 0.2423473 0.9521669 0.1861173 2421743.9729730
-6.6886470 6.2475633 0.1554110 0.1563011 0.1852257 0.8427646 -0.4806343 2421754.7297297
-6.7327965 6.2034019 0.1579374 -0.2393204 -0.0382668 -0.3246083 0.9142707 2421765.4864865
-6.7766437 6.1589575 0.1604590 -0.2062655 0.1272522 0.3509881 0.9044715 2421776.2432432
-6.8201939 6.1142385 0.1629735 -0.0731687 0.2310518 0.8563498 0.4559896 2421787.0000000
-6.8634365 6.0692496 0.1654783 0.0954161 0.2227877 0.9463684 -0.2136544 2421797.7567568
-6.9063707 6.0239845 0.1679780 -0.2177226 -0.1064681 -0.5773836 0.7796727 2421808.5135135
-6.9490028 5.9784506 0.1704705 -0.2344302 0.0614903 0.0716412 0.9675376 2421819.2702703
-6.9913229 5.9326540 0.1729529 -0.1374355 0.1996248 0.6859190 0.6861316 2421830.0270270
-7.0333288 5.8865881 0.1754296 0.0262176 0.2409382 0.9675153 0.0719411 2421840.7837838
-7.0750275 5.8402594 0.1778992 -0.1771548 -0.1653928 -0.7798516 0.5771420 2421851.5405406
-7.1164101 5.7936749 0.1803583 -0.2421691 -0.0096293 -0.2139477 0.9463022 2421862.2972973
-7.1574727 5.7468284 0.1828110 -0.1897276 0.1508046 0.4557242 0.8564910 2421873.0540541
-7.1982231 5.6997252 0.1852567 -0.0452653 0.2380959 0.9043627 0.3512684 2421883.8108108
-7.2386532 5.6523735 0.1876916 0.1211514 0.2099069 0.9143712 -0.3243249 2421894.5675676
-7.2787580 5.6047674 0.1901194 -0.2288078 -0.0799098 -0.4808954 0.8426156 2421905.3243243
-7.3185457 5.5569109 0.1925402 -0.2254888 0.0888448 0.1858221 0.9522245 2421916.0810811
-7.3580094 5.5088130 0.1949499 -0.1128042 0.2145083 0.7624131 0.5999897 2421926.8378379
-7.3971430 5.4604684 0.1973520 0.0545922 0.2361319 0.9692218 -0.0432494 2421937.5945946
-7.4359547 5.4118798 0.1997471 -0.1955106 -0.1432278 -0.7059428 0.6655120 2421948.3513514
-7.4744388 5.3630566 0.2021308 -0.2416032 0.0191440 -0.1002705 0.9649908 2421959.1081081
-7.5125880 5.3139945 0.2045062 -0.1705145 0.1722307 0.5540345 0.7964340 2421969.8648649
-7.5504106 5.2646947 0.2068746 -0.0167236 0.2417828 0.9396242 0.2415943 2421980.6216216
-7.5879022 5.2151675 0.2092316 0.1451785 0.1940665 0.8694814 -0.4304224 2421991.3783784
-7.6250545 5.1654091 0.2115794 -0.2366668 -0.0522248 -0.3776266 0.8936775 2422002.1351351
-7.6618754 5.1154195 0.2139203 -0.2133679 0.1149466 0.2973830 0.9234851 2422012.8918919
-7.6983620 5.0652094 0.2162496 -0.0865823 0.2263672 0.8281572 0.5053880 2422023.6486486
-7.7345052 5.0147759 0.2185691 0.0821971 0.2279961 0.9572623 -0.1578302 2422034.4054054
-7.7703122 4.9641178 0.2208815 -0.2111096 -0.1190433 -0.6220802 0.7444982 2422045.1621621
-7.8057815 4.9132461 0.2231822 -0.2376307 0.0476473 0.0148205 0.9700731 2422055.9189189
-7.8409033 4.8621590 0.2254726 -0.1488971 0.1912283 0.6445330 0.7251473 2422066.6756757
-7.8756843 4.8108543 0.2277556 0.0120539 0.2420605 0.9616369 0.1285138 2422077.4324324
-7.9101244 4.7593430 0.2300269 -0.1671586 -0.1754896 -0.8123320 0.5304509 2422088.1891892
-7.9442134 4.7076246 0.2322872 -0.2411887 -0.0238035 -0.2690333 0.9321387 2422098.9459459
-7.9779571 4.6556958 0.2345400 -0.1982385 0.1394277 0.4047507 0.8817246 2422109.7027027
-8.0113569 4.6035673 0.2367812 -0.0591396 0.2350343 0.8822243 0.4036603 2422120.4594595
-8.0444024 4.5512399 0.2390107 0.1086430 0.2166455 0.9318053 -0.2701855 2422131.2162162
-8.0770983 4.4987093 0.2412324 -0.2237321 -0.0931803 -0.5294463 0.8129871 2422141.9729730
-8.1094475 4.4459862 0.2434426 -0.2303075 0.0754788 0.1297025 0.9614773 2422152.7297297
-8.1414395 4.3930723 0.2456405 -0.1251802 0.2075296 0.7259436 0.6436360 2422163.4864865
-8.1730779 4.3399627 0.2478303 0.0406614 0.2389252 0.9700906 0.0136212 2422174.2432433
-8.2043669 4.2866674 0.2500087 -0.1867817 -0.1544384 -0.7437286 0.6230001 2422185.0000000
-8.2352963 4.2331893 0.2521744 -0.2423099 0.0049535 -0.1566466 0.9574567 2422195.7567568
-8.2658684 4.1795231 0.2543316 -0.1803140 0.1619428 0.5064115 0.8275318 2422206.5135135
-8.2960884 4.1256776 0.2564775 -0.0308630 0.2403874 0.9238521 0.2962411 2422217.2702703
-8.3259463 4.0716572 0.2586101 0.1335571 0.2022403 0.8932100 -0.3787312 2422228.0270271
-8.3554430 4.0174561 0.2607339 -0.2331998 -0.0660034 -0.4293471 0.8700129 2422238.7837838
-8.3845850 3.9630825 0.2628465 -0.2197370 0.1022461 0.2427558 0.9393248 2422249.5405406
-8.4133626 3.9085419 0.2649454 -0.0996983 0.2209046 0.7971184 0.5530495 2422260.2972973
-8.4417754 3.8538282 0.2670351 0.0686957 0.2324210 0.9648661 -0.1014634 2422271.0540541
-8.4698306 3.7989487 0.2691136 -0.2037711 -0.1312095 -0.6646387 0.7067650 2422281.8108108
-8.4975194 3.7439100 0.2711781 -0.2400144 0.0336406 -0.0420512 0.9692745 2422292.5675676
-8.5248398 3.6887061 0.2732328 -0.1598469 0.1821746 0.6009318 0.7616708 2422303.3243243
-8.5517998 3.6333431 0.2752765 -0.0021512 0.2423510 0.9524535 0.1846448 2422314.0810811
-8.5783914 3.5778289 0.2773059 0.1565879 0.1849833 0.8420204 -0.4819368 2422324.8378378
-8.6046112 3.5221577 0.2793249 -0.2393794 -0.0378959 -0.3231942 0.9147715 2422335.5945946
-8.6304679 3.4663346 0.2813331 -0.2060682 0.1275716 0.3523862 0.9039277 2422346.3513514
-8.6559546 3.4103681 0.2833267 -0.0728106 0.2311649 0.8570538 0.4546649 2422357.1081081
-8.6810668 3.3542530 0.2853094 0.0957612 0.2226396 0.9460369 -0.2151175 2422367.8648649
-8.7058133 3.2979930 0.2872814 -0.2178874 -0.1061306 -0.5761774 0.7805645 2422378.6216216
-8.7301886 3.2415975 0.2892386 -0.2343347 0.0618534 0.0731372 0.9674256 2422389.3783784
-8.7541868 3.1850617 0.2911842 -0.1371261 0.1998376 0.6869791 0.6850702 2422400.1351351
-8.7778169 3.1283879 0.2931193 0.0265909 0.2408974 0.9676254 0.0704450 2422410.8918919
-8.8010746 3.0715864 0.2950395 -0.1774109 -0.1651181 -0.7789583 0.5783471 2422421.6486486
-8.8239530 3.0146529 0.2969476 -0.2421838 -0.0092540 -0.2124843 0.9466318 2422432.4054054
-8.8464611 2.9575885 0.2988451 -0.1894938 0.1510984 0.4570479 0.8557854 2422443.1621622
-8.8685959 2.9004037 0.3007277 -0.0448963 0.2381658 0.9049048 0.3498696 2422453.9189189
-8.8903494 2.8430953 0.3025975 0.1214766 0.2097190 0.9138687 -0.3257383 2422464.6756757
-8.9117303 2.7856629 0.3044569 -0.2289314 -0.0795552 -0.4795920 0.8433581 2422475.4324324
-8.9327369 2.7281175 0.3063012 -0.2253509 0.0891941 0.1872943 0.9519360 2422486.1891892
-8.9533605 2.6704566 0.3081322 -0.1124717 0.2146829 0.7633399 0.5988102 2422496.9459459
-8.9736090 2.6126790 0.3099527 0.0549581 0.2360471 0.9691538 -0.0447480 2422507.7027027
-8.9934822 2.5547956 0.3117582 -0.1957323 -0.1429248 -0.7049129 0.6666027 2422518.4594595
-9.0129709 2.4968052 0.3135498 -0.2415733 0.0195183 -0.0987783 0.9651447 2422529.2162162
-9.0320824 2.4387054 0.3153308 -0.1702474 0.1724947 0.5552653 0.7955764 2422539.9729730
-9.0508178 2.3805071 0.3170969 -0.0163489 0.2418085 0.9399966 0.2401412 2422550.7297297
-9.0691676 2.3222103 0.3188486 0.1454791 0.1938413 0.8688149 -0.4317663 2422561.4864865
-9.0871380 2.2638114 0.3205894 -0.2367475 -0.0518581 -0.3762444 0.8942603 2422572.2432433
-9.1047316 2.2053212 0.3223156 -0.2131896 0.1152771 0.2988105 0.9230242 2422583.0000000
-9.1219388 2.1467410 0.3240267 -0.0862314 0.2265011 0.8289376 0.5041069 2422593.7567568
-9.1387647 2.0880663 0.3257269 0.0825503 0.2278685 0.9570171 -0.1593101 2422604.5135135
-9.1552134 2.0293074 0.3274125 -0.2112939 -0.1187161 -0.6209283 0.7454592 2422615.2702703
-9.1712752 1.9704668 0.3290827 -0.2375566 0.0480155 0.0163204 0.9700490 2422626.0270271
-9.1869541 1.9115392 0.3307417 -0.1486006 0.1914588 0.6456534 0.7241498 2422636.7837838
-9.2022554 1.8525343 0.3323864 0.0124290 0.2420416 0.9618345 0.1270267 2422647.5405406
-9.2171696 1.7934556 0.3340151 -0.1674303 -0.1752304 -0.8115108 0.5317063 2422658.2972973
-9.2316992 1.7342976 0.3356324 -0.2412254 -0.0234298 -0.2675917 0.9325535 2422669.0540541
-9.2458507 1.6750689 0.3372355 -0.1980223 0.1397347 0.4061136 0.8810977 2422679.8108108
-9.2596149 1.6157746 0.3388224 -0.0587753 0.2351257 0.8828474 0.4022957 2422690.5675676
-9.2729930 1.5564085 0.3403974 0.1089786 0.2164770 0.9313865 -0.2716259 2422701.3243243
-9.2859925 1.4969786 0.3419586 -0.2238762 -0.0928336 -0.5281886 0.8138048 2422712.0810811
-9.2986048 1.4374909 0.3435031 -0.2301903 0.0758356 0.1311890 0.9612756 2422722.8378378
-9.3108296 1.3779393 0.3450354 -0.1248585 0.2077233 0.7269379 0.6425128 2422733.5945946
-9.3226752 1.3183306 0.3465540 0.0410316 0.2388620 0.9701105 0.0121212 2422744.3513513
-9.3341338 1.2586719 0.3480558 -0.1870208 -0.1541488 -0.7427644 0.6241493 2422755.1081081
-9.3452036 1.1989574 0.3495449 -0.2423020 0.0053289 -0.1551660 0.9576977 2422765.8648649
-9.3558937 1.1391928 0.3510205 -0.1800629 0.1622221 0.5076904 0.8267477 2422776.6216216
-9.3661972 1.0793863 0.3524791 -0.0304905 0.2404350 0.9243090 0.2948122 2422787.3783784
-9.3761112 1.0195320 0.3539245 0.1338703 0.2020331 0.8926233 -0.3801118 2422798.1351351
-9.3856452 0.9596347 0.3553567 -0.2333019 -0.0656420 -0.4280014 0.8706757 2422808.8918919
-9.3947935 0.8997032 0.3567717 -0.2195784 0.1025865 0.2442079 0.9389483 2422819.6486486
-9.4035519 0.8397323 0.3581731 -0.0993559 0.2210589 0.7979725 0.5518163 2422830.4054054
-9.4119301 0.7797250 0.3595614 0.0690557 0.2323143 0.9647080 -0.1029552 2422841.1621622
-9.4199236 0.7196911 0.3609325 -0.2039742 -0.1308936 -0.6635451 0.7077918 2422851.9189189
-9.4275270 0.6596258 0.3622895 -0.2399621 0.0340125 -0.0405524 0.9693384 2422862.6756757
-9.4347502 0.5995311 0.3636335 -0.1595645 0.1824221 0.6021088 0.7607407 2422873.4324324
-9.4415900 0.5394171 0.3649604 -0.0017757 0.2423541 0.9527379 0.1831719 2422884.1891892
-9.4480399 0.4792797 0.3662726 0.1568744 0.1847405 0.8412742 -0.4832381 2422894.9459460
-9.4541095 0.4191196 0.3675721 -0.2394379 -0.0375250 -0.3217794 0.9152701 2422905.7027027
-9.4597970 0.3589471 0.3688543 -0.2058703 0.1278908 0.3537834 0.9033818 2422916.4594595
-9.4650949 0.2987591 0.3701215 -0.0724524 0.2312775 0.8577557 0.4533392 2422927.2162162
-9.4700122 0.2385550 0.3713759 0.0961061 0.2224910 0.9457032 -0.2165800 2422937.9729730
-9.4745486 0.1783454 0.3726133 -0.2180516 -0.1057929 -0.5749698 0.7814545 2422948.7297298
-9.4786958 0.1181285 0.3738350 -0.2342387 0.0622165 0.0746329 0.9673114 2422959.4864865
-9.4824623 0.0579022 0.3750441 -0.1368163 0.2000499 0.6880375 0.6840071 2422970.2432433
-9.4858491 -0.0023225 0.3762362 0.0269642 0.2408559 0.9677331 0.0689488 2422981.0000000
-9.4888476 -0.0625467 0.3774122 -0.1776666 -0.1648431 -0.7780631 0.5795508 2422991.7567568
-9.4914653 -0.1227733 0.3785756 -0.2421979 -0.0088788 -0.2110203 0.9469592 2423002.5135135
-9.4937045 -0.1829916 0.3797222 -0.1892594 0.1513919 0.4583706 0.8550776 2423013.2702703
-9.4955564 -0.2432012 0.3808522 -0.0445272 0.2382351 0.9054446 0.3484700 2423024.0270270
-9.4970274 -0.3034062 0.3819695 0.1218014 0.2095306 0.9133639 -0.3271510 2423034.7837838
-9.4981216 -0.3635959 0.3830703 -0.2290545 -0.0792004 -0.4782874 0.8440986 2423045.5405406
-9.4988298 -0.4237691 0.3841542 -0.2252125 0.0895432 0.1887659 0.9516453 2423056.2972973
-9.4991575 -0.4839303 0.3852252 -0.1121389 0.2148570 0.7642648 0.5976291 2423067.0540541
-9.4991099 -0.5440698 0.3862800 0.0553238 0.2359617 0.9690834 -0.0462465 2423077.8108108
-9.4986781 -0.6041848 0.3873174 -0.1959536 -0.1426213 -0.7038814 0.6676918 2423088.5675676
-9.4978663 -0.6642810 0.3883420 -0.2415428 0.0198926 -0.0972859 0.9652962 2423099.3243243
-9.4966808 -0.7243490 0.3893505 -0.1699800 0.1727584 0.5564948 0.7947169 2423110.0810811
-9.4951129 -0.7843849 0.3903414 -0.0159742 0.2418336 0.9403668 0.2386875 2423120.8378378
-9.4931655 -0.8443947 0.3913191 0.1457793 0.1936157 0.8681462 -0.4331091 2423131.5945946
-9.4908460 -0.9043700 0.3922812 -0.2368276 -0.0514912 -0.3748612 0.8948410 2423142.3513513
-9.4881462 -0.9643058 0.3932254 -0.2130108 0.1156074 0.3002373 0.9225610 2423153.1081081
-9.4850675 -1.0242082 0.3941561 -0.0858804 0.2266345 0.8297161 0.5028246 2423163.8648649
-9.4816183 -1.0840699 0.3950715 0.0829033 0.2277404 0.9567696 -0.1607897 2423174.6216216
-9.4777911 -1.1438848 0.3959688 -0.2114776 -0.1183886 -0.6197749 0.7464184 2423185.3783784
-9.4735856 -1.2036591 0.3968523 -0.2374820 0.0483835 0.0178203 0.9700226 2423196.1351351
-9.4690111 -1.2633863 0.3977208 -0.1483038 0.1916889 0.6467724 0.7231507 2423206.8918919
-9.4640608 -1.3230594 0.3985711 0.0128040 0.2420221 0.9620297 0.1255394 2423217.6486486
-9.4587333 -1.3826842 0.3994072 -0.1677017 -0.1749709 -0.8106877 0.5329604 2423228.4054054
-9.4530385 -1.4422557 0.4002286 -0.2412614 -0.0230560 -0.2661494 0.9329661 2423239.1621622
-9.4469705 -1.5017658 0.4010317 -0.1978056 0.1400414 0.4074754 0.8804687 2423249.9189189
-9.4405267 -1.5612201 0.4018203 -0.0584109 0.2352165 0.8834683 0.4009302 2423260.6756757
-9.4337174 -1.6206150 0.4025944 0.1093140 0.2163079 0.9309653 -0.2730657 2423271.4324324
-9.4265377 -1.6799414 0.4033502 -0.2240199 -0.0924866 -0.5269296 0.8146205 2423282.1891892
-9.4189838 -1.7392047 0.4040912 -0.2300726 0.0761922 0.1326752 0.9610716 2423292.9459460
-9.4110661 -1.7984023 0.4048180 -0.1245365 0.2079166 0.7279305 0.6413880 2423303.7027027
-9.4027812 -1.8575247 0.4055265 0.0414017 0.2387982 0.9701281 0.0106212 2423314.4594595
-9.3941239 -1.9165767 0.4062197 -0.1872595 -0.1538589 -0.7417985 0.6252970 2423325.2162162
-9.3851046 -1.9755570 0.4068990 -0.2422935 0.0057044 -0.1536850 0.9579365 2423335.9729730
-9.3757212 -2.0344557 0.4075601 -0.1798113 0.1625009 0.5089681 0.8259617 2423346.7297298
-9.3659675 -2.0932767 0.4082055 -0.0301179 0.2404820 0.9247637 0.2933827 2423357.4864865
-9.3558534 -2.1520203 0.4088373 0.1341832 0.2018255 0.8920345 -0.3814915 2423368.2432433
-9.3453781 -2.2106760 0.4094509 -0.2334034 -0.0652805 -0.4266546 0.8713364 2423379.0000000
-9.3345346 -2.2692469 0.4100485 -0.2194192 0.1029266 0.2456594 0.9385695 2423389.7567568
-9.3233322 -2.3277342 0.4106325 -0.0990133 0.2212127 0.7988248 0.5505818 2423400.5135135
-9.3117715 -2.3861275 0.4111987 0.0694156 0.2322071 0.9645477 -0.1044467 2423411.2702703
-9.2998449 -2.4444286 0.4117483 -0.2041769 -0.1305775 -0.6624499 0.7088170 2423422.0270270
-9.2875611 -2.5026401 0.4122845 -0.2399091 0.0343843 -0.0390536 0.9693999 2423432.7837838
-9.2749220 -2.5607514 0.4128031 -0.1592817 0.1826691 0.6032843 0.7598088 2423443.5405405
-9.2619194 -2.6187633 0.4133048 -0.0014001 0.2423566 0.9530199 0.1816985 2423454.2972973
-9.2485612 -2.6766793 0.4137931 0.1571605 0.1844973 0.8405260 -0.4845383 2423465.0540540
-9.2348508 -2.7344889 0.4142641 -0.2394958 -0.0371539 -0.3203638 0.9157665 2423475.8108108
-9.2207797 -2.7921917 0.4147178 -0.2056719 0.1282097 0.3551798 0.9028337 2423486.5675676
-9.2063550 -2.8497922 0.4151583 -0.0720939 0.2313896 0.8584557 0.4520124 2423497.3243243
-9.1915813 -2.9072803 0.4155817 0.0964508 0.2223419 0.9453671 -0.2180420 2423508.0810811
-9.1764504 -2.9646544 0.4159875 -0.2182153 -0.1054549 -0.5737608 0.7823426 2423518.8378378
-9.1609677 -3.0219200 0.4163800 -0.2341420 0.0625794 0.0761285 0.9671948 2423529.5945946
-9.1451396 -3.0790676 0.4167558 -0.1365062 0.2002617 0.6890943 0.6829425 2423540.3513513
-9.1289576 -3.1360943 0.4171138 0.0273373 0.2408139 0.9678386 0.0674524 2423551.1081081
-9.1124261 -3.1930063 0.4174583 -0.1779218 -0.1645676 -0.7771661 0.5807532 2423561.8648649
-9.0955523 -3.2497946 0.4177866 -0.2422114 -0.0085035 -0.2095559 0.9472844 2423572.6216216
-9.0783283 -3.3064554 0.4180968 -0.1890247 0.1516850 0.4596922 0.8543679 2423583.3783784
-9.0607570 -3.3629952 0.4183935 -0.0441580 0.2383039 0.9059823 0.3470696 2423594.1351351
-9.0428467 -3.4194060 0.4186742 0.1221260 0.2093416 0.9128569 -0.3285628 2423604.8918919
-9.0245900 -3.4756830 0.4189368 -0.2291770 -0.0788454 -0.4769817 0.8448371 2423615.6486487
-9.0059881 -3.5318327 0.4191855 -0.2250735 0.0898921 0.1902371 0.9513523 2423626.4054054
-8.9870504 -3.5878482 0.4194187 -0.1118059 0.2150305 0.7651880 0.5964467 2423637.1621622
-8.9677698 -3.6437235 0.4196336 0.0556893 0.2358758 0.9690107 -0.0477448 2423647.9189189
-8.9481465 -3.6994651 0.4198344 -0.1961744 -0.1423176 -0.7028481 0.6687794 2423658.6756757
-8.9281904 -3.7550672 0.4200202 -0.2415118 0.0202669 -0.0957932 0.9654455 2423669.4324325
-8.9078954 -3.8105227 0.4201875 -0.1697122 0.1730216 0.5577229 0.7938555 2423680.1891892
-8.8872603 -3.8658380 0.4203405 -0.0155995 0.2418581 0.9407347 0.2372332 2423690.9459460
-8.8662955 -3.9210086 0.4204788 0.1460792 0.1933896 0.8674755 -0.4344509 2423701.7027027
-8.8449960 -3.9760265 0.4205987 -0.2369072 -0.0511242 -0.3734771 0.8954195 2423712.4594595
-8.8233592 -4.0308978 0.4207040 -0.2128314 0.1159373 0.3016635 0.9220957 2423723.2162162
-8.8013958 -4.0856193 0.4207949 -0.0855291 0.2267674 0.8304926 0.5015411 2423733.9729730
-8.7791020 -4.1401821 0.4208675 0.0832561 0.2276117 0.9565198 -0.1622688 2423744.7297298
-8.7564740 -4.1945918 0.4209252 -0.2116609 -0.1180608 -0.6186200 0.7473758 2423755.4864865
-8.7335226 -4.2488466 0.4209689 -0.2374068 0.0487515 0.0193201 0.9699938 2423766.2432433
-8.7102452 -4.3029372 0.4209943 -0.1480067 0.1919185 0.6478897 0.7221497 2423777.0000000
-8.6866368 -4.3568684 0.4210045 0.0131790 0.2420021 0.9622227 0.1240517 2423787.7567568
-8.6627081 -4.4106399 0.4210011 -0.1679727 -0.1747108 -0.8098626 0.5342133 2423798.5135135
-8.6384578 -4.4642418 0.4209796 -0.2412969 -0.0226821 -0.2647066 0.9333765 2423809.2702703
-8.6138798 -4.5176781 0.4209424 -0.1975884 0.1403478 0.4088363 0.8798376 2423820.0270270
-8.5889844 -4.5709498 0.4208919 -0.0580464 0.2353068 0.8840872 0.3995637 2423830.7837838
-8.5637716 -4.6240465 0.4208236 0.1096490 0.2161383 0.9305420 -0.2745048 2423841.5405405
-8.5382347 -4.6769714 0.4207393 -0.2241630 -0.0921394 -0.5256694 0.8154342 2423852.2972973
-8.5123833 -4.7297266 0.4206418 -0.2299543 0.0765486 0.1341611 0.9608653 2423863.0540540
-8.4862189 -4.7823017 0.4205268 -0.1242143 0.2081094 0.7289213 0.6402617 2423873.8108108
-8.4597340 -4.8346988 0.4203955 0.0417717 0.2387338 0.9701433 0.0091212 2423884.5675676
-8.4329375 -4.8869210 0.4202512 -0.1874977 -0.1535686 -0.7408307 0.6264433 2423895.3243243
-8.4058323 -4.9389581 0.4200897 -0.2422844 0.0060798 -0.1522036 0.9581729 2423906.0810811
-8.3784107 -4.9908108 0.4199115 -0.1795594 0.1627794 0.5102446 0.8251738 2423916.8378378
-8.3506805 -5.0424833 0.4197204 -0.0297452 0.2405284 0.9252162 0.2919525 2423927.5945946
-8.3226462 -5.0939657 0.4195126 0.1344958 0.2016174 0.8914435 -0.3828703 2423938.3513513
-8.2942997 -5.1452576 0.4192878 -0.2335043 -0.0649188 -0.4253068 0.8719951 2423949.1081081
-8.2656481 -5.1963641 0.4190503 -0.2192595 0.1032665 0.2471103 0.9381886 2423959.8648649
-8.2366970 -5.2472759 0.4187963 -0.0986704 0.2213659 0.7996751 0.5493460 2423970.6216216
-8.2074384 -5.2979913 0.4185252 0.0697754 0.2320993 0.9643850 -0.1059380 2423981.3783784
-8.1778779 -5.3485164 0.4182413 -0.2043790 -0.1302610 -0.6613531 0.7098404 2423992.1351351
-8.1480224 -5.3988422 0.4179415 -0.2398556 0.0347560 -0.0375546 0.9694591 2424002.8918919
-8.1178641 -5.4489660 0.4176243 -0.1589985 0.1829158 0.6044584 0.7588750 2424013.6486487
-8.0874074 -5.4988945 0.4172943 -0.0010246 0.2423585 0.9532997 0.1802247 2424024.4054054
-8.0566602 -5.5486195 0.4169487 0.1574462 0.1842536 0.8397758 -0.4858374 2424035.1621622
-8.0256150 -5.5981372 0.4165857 -0.2395532 -0.0367828 -0.3189475 0.9162608 2424045.9189189
-7.9942747 -5.6474545 0.4162098 -0.2054731 0.1285283 0.3565753 0.9022834 2424056.6756757
-7.9626483 -5.6965644 0.4158188 -0.0717353 0.2315011 0.8591535 0.4506845 2424067.4324325
-7.9307286 -5.7454618 0.4154103 0.0967952 0.2221922 0.9450289 -0.2195034 2424078.1891892
-7.8985170 -5.7941538 0.4149886 -0.2183785 -0.1051167 -0.5725504 0.7832288 2424088.9459460
-7.8660234 -5.8426343 0.4145523 -0.2340449 0.0629421 0.0776239 0.9670759 2424099.7027027
-7.8332414 -5.8908970 0.4140985 -0.1361957 0.2004730 0.6901494 0.6818762 2424110.4594595
-7.8001711 -5.9389491 0.4136313 0.0277104 0.2407713 0.9679417 0.0659558 2424121.2162162
-7.7668228 -5.9867855 0.4131500 -0.1781766 -0.1642918 -0.7762672 0.5819541 2424131.9729730
-7.7331913 -6.0343992 0.4126512 -0.2422244 -0.0081282 -0.2080909 0.9476072 2424142.7297297
-7.6992750 -6.0817969 0.4121388 -0.1887895 0.1519778 0.4610126 0.8536560 2424153.4864865
-7.6650849 -6.1289750 0.4116127 -0.0437887 0.2383721 0.9065179 0.3456684 2424164.2432432
-7.6306167 -6.1759254 0.4110691 0.1224502 0.2091522 0.9123478 -0.3299739 2424175.0000000
-7.5958677 -6.2226544 0.4105117 -0.2292989 -0.0784902 -0.4756748 0.8455736 2424185.7567568
-7.5608491 -6.2691598 0.4099411 -0.2249340 0.0902408 0.1917079 0.9510570 2424196.5135135
-7.5255578 -6.3154329 0.4093532 -0.1114726 0.2152036 0.7661093 0.5952628 2424207.2702703
-7.4899899 -6.3614793 0.4087512 0.0560548 0.2357893 0.9689357 -0.0492431 2424218.0270270
-7.4541567 -6.4072983 0.4081364 -0.1963947 -0.1420135 -0.7018132 0.6698653 2424228.7837838
-7.4180562 -6.4528807 0.4075045 -0.2414801 0.0206411 -0.0943003 0.9655924 2424239.5405405
-7.3816833 -6.4982315 0.4068582 -0.1694439 0.1732844 0.5589497 0.7929921 2424250.2972973
-7.3450492 -6.5433510 0.4061994 -0.0152247 0.2418820 0.9411004 0.2357783 2424261.0540540
-7.3081531 -6.5882298 0.4055237 0.1463787 0.1931631 0.8668027 -0.4357917 2424271.8108108
-7.2709891 -6.6328720 0.4048335 -0.2369862 -0.0507570 -0.3720922 0.8959959 2424282.5675676
-7.2335677 -6.6772791 0.4041310 -0.2126516 0.1162670 0.3030888 0.9216281 2424293.3243243
-7.1958898 -6.7214415 0.4034120 -0.0851777 0.2268997 0.8312670 0.5002563 2424304.0810811
-7.1579487 -6.7653623 0.4026781 0.0836087 0.2274825 0.9562677 -0.1637476 2424314.8378378
-7.1197540 -6.8090444 0.4019322 -0.2118436 -0.1177327 -0.6174637 0.7483314 2424325.5945946
-7.0813081 -6.8524780 0.4011702 -0.2373310 0.0491193 0.0208199 0.9699628 2424336.3513514
-7.0426036 -6.8956649 0.4003929 -0.1477092 0.1921477 0.6490055 0.7211471 2424347.1081081
-7.0036494 -6.9386092 0.3996040 0.0135540 0.2419814 0.9624133 0.1225638 2424357.8648649
-6.9644494 -6.9813011 0.3987992 -0.1682432 -0.1744504 -0.8090356 0.5354649 2424368.6216216
-6.9249958 -7.0237415 0.3979790 -0.2413319 -0.0223082 -0.2632630 0.9337847 2424379.3783784
-6.8852968 -7.0659353 0.3971472 -0.1973708 0.1406538 0.4101962 0.8792044 2424390.1351352
-6.8453573 -7.1078732 0.3963002 -0.0576817 0.2353966 0.8847039 0.3981962 2424400.8918919
-6.8051696 -7.1495549 0.3954374 0.1099838 0.2159682 0.9301164 -0.2759433 2424411.6486487
-6.7647406 -7.1909863 0.3945632 -0.2243055 -0.0917919 -0.5244079 0.8162460 2424422.4054054
-6.7240765 -7.2321585 0.3936742 -0.2298355 0.0769049 0.1356466 0.9606567 2424433.1621622
-6.6831696 -7.2730700 0.3927693 -0.1238917 0.2083016 0.7299104 0.6391338 2424443.9189189
-6.6420255 -7.3137274 0.3918531 0.0421416 0.2386688 0.9701563 0.0076211 2424454.6756757
-6.6006516 -7.3541226 0.3909224 -0.1877355 -0.1532779 -0.7398612 0.6275880 2424465.4324325
-6.5590406 -7.3942530 0.3899759 -0.2422748 0.0064552 -0.1507219 0.9584071 2424476.1891892
-6.5171964 -7.4341255 0.3890180 -0.1793070 0.1630575 0.5115199 0.8243838 2424486.9459460
-6.4751277 -7.4737329 0.3880462 -0.0293725 0.2405743 0.9256665 0.2905215 2424497.7027027
-6.4328273 -7.5130716 0.3870583 0.1348081 0.2014088 0.8908505 -0.3842482 2424508.4594595
-6.3902977 -7.5521487 0.3860591 -0.2336047 -0.0645569 -0.4239580 0.8726516 2424519.2162162
-6.3475484 -7.5909579 0.3850464 -0.2190993 0.1036061 0.2485607 0.9378053 2424529.9729730
-6.3045729 -7.6294942 0.3840177 -0.0983273 0.2215185 0.8005236 0.5481088 2424540.7297297
-6.2613723 -7.6677650 0.3829775 0.0701349 0.2319910 0.9642200 -0.1074290 2424551.4864865
-6.2179570 -7.7057650 0.3819244 -0.2045807 -0.1299442 -0.6602547 0.7108621 2424562.2432432
-6.1743211 -7.7434882 0.3808553 -0.2398015 0.0351276 -0.0360556 0.9695160 2424573.0000000
-6.1304645 -7.7809418 0.3797744 -0.1587149 0.1831620 0.6056311 0.7579395 2424583.7567567
-6.0863980 -7.8181218 0.3786812 -0.0006491 0.2423599 0.9535772 0.1787505 2424594.5135135
-6.0421168 -7.8550212 0.3775722 0.1577316 0.1840095 0.8390235 -0.4871353 2424605.2702703
-5.9976193 -7.8916470 0.3764511 -0.2396100 -0.0364116 -0.3175303 0.9167528 2424616.0270270
-5.9529168 -7.9279962 0.3753183 -0.2052737 0.1288465 0.3579700 0.9017310 2424626.7837838
-5.9080057 -7.9640612 0.3741697 -0.0713765 0.2316120 0.8598493 0.4493555 2424637.5405405
-5.8628832 -7.9998485 0.3730089 0.0971394 0.2220420 0.9446883 -0.2209644 2424648.2972973
-5.8175608 -8.0353567 0.3718368 -0.2185412 -0.1047782 -0.5713387 0.7841131 2424659.0540540
-5.7720360 -8.0705775 0.3706492 -0.2339471 0.0633047 0.0791191 0.9669547 2424669.8108108
-5.7263047 -8.1055168 0.3694493 -0.1358850 0.2006839 0.6912029 0.6808082 2424680.5675676
-5.6803783 -8.1401746 0.3682383 0.0280835 0.2407282 0.9680425 0.0644591 2424691.3243243
-5.6342555 -8.1745420 0.3670122 -0.1784310 -0.1640156 -0.7753664 0.5831537 2424702.0810811
-5.5879313 -8.2086242 0.3657734 -0.2422367 -0.0077528 -0.2066255 0.9479278 2424712.8378379
-5.5414167 -8.2424225 0.3645241 -0.1885538 0.1522702 0.4623320 0.8529422 2424723.5945946
-5.4947118 -8.2759277 0.3632599 -0.0434193 0.2384397 0.9070513 0.3442663 2424734.3513514
-5.4478106 -8.3091441 0.3619829 0.1227742 0.2089623 0.9118365 -0.3313842 2424745.1081081
-5.4007236 -8.3420742 0.3606956 -0.2294203 -0.0781349 -0.4743668 0.8463081 2424755.8648649
-5.3534522 -8.3747087 0.3593938 -0.2247940 0.0905892 0.1931782 0.9507594 2424766.6216216
-5.3059896 -8.4070508 0.3580789 -0.1111390 0.2153761 0.7670288 0.5940776 2424777.3783784
-5.2583456 -8.4391042 0.3567540 0.0564201 0.2357022 0.9688584 -0.0507412 2424788.1351352
-5.2105230 -8.4708594 0.3554150 -0.1966146 -0.1417090 -0.7007766 0.6709496 2424798.8918919
-5.1625147 -8.5023186 0.3540627 -0.2414479 0.0210152 -0.0928072 0.9657371 2424809.6486487
-5.1143294 -8.5334864 0.3527008 -0.1691752 0.1735468 0.5601751 0.7921269 2424820.4054054
-5.0659715 -8.5643537 0.3513252 -0.0148499 0.2419054 0.9414638 0.2343229 2424831.1621622
-5.0174335 -8.5949213 0.3499360 0.1466779 0.1929361 0.8661278 -0.4371314 2424841.9189189
-4.9687231 -8.6251952 0.3485374 -0.2370646 -0.0503898 -0.3707063 0.8965702 2424852.6756757
-4.9198460 -8.6551663 0.3471257 -0.2124712 0.1165964 0.3045135 0.9211584 2424863.4324324
-4.8707946 -8.6848346 0.3457002 -0.0848260 0.2270315 0.8320395 0.4989704 2424874.1891892
-4.8215754 -8.7142065 0.3442654 0.0839612 0.2273527 0.9560134 -0.1652260 2424884.9459460
-4.7721953 -8.7432737 0.3428180 -0.2120259 -0.1174044 -0.6163058 0.7492852 2424895.7027027
-4.7226469 -8.7720348 0.3413568 -0.2372547 0.0494870 0.0223197 0.9699294 2424906.4594595
-4.6729353 -8.8004971 0.3398864 -0.1474113 0.1923764 0.6501198 0.7201427 2424917.2162162
-4.6230686 -8.8286530 0.3384039 0.0139289 0.2419602 0.9626017 0.1210755 2424927.9729730
-4.5730395 -8.8565000 0.3369075 -0.1685134 -0.1741895 -0.8082067 0.5367152 2424938.7297297
-4.5228518 -8.8840456 0.3354019 -0.2413662 -0.0219342 -0.2618189 0.9341906 2424949.4864865
-4.4725146 -8.9112833 0.3338847 -0.1971526 0.1409595 0.4115552 0.8785691 2424960.2432432
-4.4220209 -8.9382093 0.3323537 -0.0573169 0.2354857 0.8853186 0.3968278 2424971.0000000
-4.3713731 -8.9648313 0.3308134 0.1103184 0.2157976 0.9296886 -0.2773812 2424981.7567567
-4.3205811 -8.9911436 0.3292621 -0.2244475 -0.0914443 -0.5231452 0.8170559 2424992.5135135
-4.2696388 -9.0171415 0.3276969 -0.2297161 0.0772609 0.1371318 0.9604458 2425003.2702703
-4.2185471 -9.0428327 0.3261224 -0.1235688 0.2084934 0.7308978 0.6380045 2425014.0270270
-4.1673167 -9.0682128 0.3245374 0.0425113 0.2386033 0.9701669 0.0061210 2425024.7837838
-4.1159421 -9.0932758 0.3229388 -0.1879728 -0.1529869 -0.7388899 0.6287312 2425035.5405405
-4.0644230 -9.1180293 0.3213305 -0.2422645 0.0068306 -0.1492398 0.9586390 2425046.2972973
-4.0127704 -9.1424701 0.3197124 -0.1790541 0.1633351 0.5127939 0.8235919 2425057.0540541
-3.9609801 -9.1665914 0.3180807 -0.0289997 0.2406196 0.9261146 0.2890899 2425067.8108108
-3.9090503 -9.1904005 0.3164394 0.1351201 0.2011997 0.8902553 -0.3856252 2425078.5675676
-3.8569926 -9.2138954 0.3147886 -0.2337045 -0.0641948 -0.4226082 0.8733061 2425089.3243243
-3.8048037 -9.2370687 0.3131246 -0.2189385 0.1039455 0.2500104 0.9374199 2425100.0810811
-3.7524806 -9.2599272 0.3114506 -0.0979840 0.2216707 0.8013701 0.5468704 2425110.8378379
-3.7000349 -9.2824705 0.3097679 0.0704943 0.2318821 0.9640528 -0.1089198 2425121.5945946
-3.6474645 -9.3046904 0.3080720 -0.2047818 -0.1296270 -0.6591548 0.7118821 2425132.3513514
-3.5947652 -9.3265931 0.3063661 -0.2397469 0.0354992 -0.0345565 0.9695706 2425143.1081081
-3.5419483 -9.3481794 0.3046518 -0.1584310 0.1834077 0.6068023 0.7570021 2425153.8648649
-3.4890132 -9.3694407 0.3029247 -0.0002735 0.2423607 0.9538525 0.1772759 2425164.6216216
-3.4359545 -9.3903826 0.3011874 0.1580166 0.1837649 0.8382693 -0.4884320 2425175.3783784
-3.3827832 -9.4110070 0.2994421 -0.2396661 -0.0360402 -0.3161125 0.9172427 2425186.1351352
-3.3295000 -9.4313051 0.2976844 -0.2050739 0.1291645 0.3593639 0.9011764 2425196.8918919
-3.2760985 -9.4512814 0.2959162 -0.0710176 0.2317224 0.8605431 0.4480255 2425207.6486487
-3.2225891 -9.4709392 0.2941404 0.0974834 0.2218913 0.9443455 -0.2224248 2425218.4054054
-3.1689738 -9.4902695 0.2923527 -0.2187034 -0.1044395 -0.5701256 0.7849956 2425229.1621622
-3.1152457 -9.5092755 0.2905543 -0.2338488 0.0636672 0.0806141 0.9668312 2425239.9189189
-3.0614144 -9.5279616 0.2887485 -0.1355739 0.2008942 0.6922547 0.6797386 2425250.6756757
-3.0074833 -9.5463189 0.2869313 0.0284565 0.2406844 0.9681410 0.0629622 2425261.4324324
-2.9534451 -9.5643495 0.2851032 -0.1786850 -0.1637389 -0.7744638 0.5843519 2425272.1891892
-2.8993086 -9.5820589 0.2832680 -0.2422485 -0.0073775 -0.2051595 0.9482462 2425282.9459459
-2.8450785 -9.5994383 0.2814219 -0.1883177 0.1525622 0.4636503 0.8522263 2425293.7027027
-2.7907473 -9.6164888 0.2795648 -0.0430498 0.2385068 0.9075825 0.3428634 2425304.4594595
-2.7363224 -9.6332168 0.2777008 0.1230979 0.2087718 0.9113230 -0.3327937 2425315.2162162
-2.6818102 -9.6496138 0.2758264 -0.2295412 -0.0777793 -0.4730576 0.8470405 2425325.9729730
-2.6272030 -9.6656798 0.2739409 -0.2246534 0.0909374 0.1946480 0.9504596 2425336.7297297
-2.5725072 -9.6814219 0.2720486 -0.1108052 0.2155481 0.7679464 0.5928908 2425347.4864865
-2.5177301 -9.6968325 0.2701466 0.0567853 0.2356145 0.9687788 -0.0522392 2425358.2432432
-2.4628645 -9.7119102 0.2682333 -0.1968340 -0.1414042 -0.6997383 0.6720324 2425369.0000000
-2.4079150 -9.7266628 0.2663135 -0.2414151 0.0213893 -0.0913139 0.9658794 2425379.7567568
-2.3528903 -9.7410835 0.2643844 -0.1689062 0.1738087 0.5613992 0.7912598 2425390.5135135
-2.2977832 -9.7551698 0.2624440 -0.0144751 0.2419282 0.9418250 0.2328669 2425401.2702703
-2.2425971 -9.7689297 0.2604971 0.1469767 0.1927087 0.8654509 -0.4384701 2425412.0270270
-2.1873414 -9.7823573 0.2585415 -0.2371424 -0.0500224 -0.3693196 0.8971423 2425422.7837838
-2.1320097 -9.7954490 0.2565747 -0.2122904 0.1169255 0.3059374 0.9206864 2425433.5405406
-2.0766037 -9.8082129 0.2546013 -0.0844742 0.2271627 0.8328100 0.4976833 2425444.2972973
-2.0211339 -9.8206442 0.2526198 0.0843134 0.2272224 0.9557568 -0.1667040 2425455.0540541
-1.9655944 -9.8327383 0.2506272 -0.2122076 -0.1170757 -0.6151465 0.7502373 2425465.8108108
-1.9099856 -9.8445032 0.2486279 -0.2371778 0.0498546 0.0238194 0.9698937 2425476.5675676
-1.8543185 -9.8559353 0.2466210 -0.1471131 0.1926046 0.6512325 0.7191366 2425487.3243243
-1.7985880 -9.8670287 0.2446032 0.0143038 0.2419384 0.9627877 0.1195870 2425498.0810811
-1.7427933 -9.8777915 0.2425786 -0.1687831 -0.1739283 -0.8073759 0.5379642 2425508.8378379
-1.6869458 -9.8882212 0.2405471 -0.2414000 -0.0215602 -0.2603741 0.9345943 2425519.5945946
-1.6310417 -9.8983112 0.2385048 -0.1969340 0.1412649 0.4129131 0.8779316 2425530.3513514
-1.5750786 -9.9080692 0.2364555 -0.0569520 0.2355743 0.8859311 0.3954584 2425541.1081081
-1.5190683 -9.9174940 0.2343999 0.1106526 0.2156265 0.9292586 -0.2788183 2425551.8648649
-1.4630079 -9.9265786 0.2323338 -0.2245890 -0.0910964 -0.5218812 0.8178638 2425562.6216216
-1.4068939 -9.9353298 0.2302606 -0.2295962 0.0776168 0.1386167 0.9602326 2425573.3783784
-1.3507379 -9.9437480 0.2281815 -0.1232456 0.2086847 0.7318834 0.6368736 2425584.1351352
-1.2945383 -9.9518253 0.2260923 0.0428810 0.2385372 0.9701752 0.0046209 2425594.8918919
-1.2382905 -9.9595681 0.2239958 -0.1882097 -0.1526954 -0.7379169 0.6298729 2425605.6486487
-1.1820059 -9.9669780 0.2218938 -0.2422537 0.0072060 -0.1477574 0.9588686 2425616.4054054
-1.1256840 -9.9740467 0.2197821 -0.1788009 0.1636124 0.5140667 0.8227980 2425627.1621622
-1.0693195 -9.9807798 0.2176630 -0.0286268 0.2406643 0.9265605 0.2876576 2425637.9189189
-1.0129230 -9.9871801 0.2155388 0.1354317 0.2009902 0.8896579 -0.3870013 2425648.6756757
-0.9564955 -9.9932391 0.2134053 -0.2338037 -0.0638327 -0.4212574 0.8739585 2425659.4324324
-0.9000307 -9.9989611 0.2112641 -0.2187773 0.1042847 0.2514596 0.9370322 2425670.1891892
-0.8435387 -10.0043503 0.2091183 -0.0976404 0.2218223 0.8022147 0.5456306 2425680.9459459
-0.7870220 -10.0093979 0.2069636 0.0708536 0.2317726 0.9638832 -0.1104103 2425691.7027027
-0.7304737 -10.0141073 0.2048010 -0.2049825 -0.1293096 -0.6580533 0.7129005 2425702.4594594
-0.6739030 -10.0184836 0.2026342 -0.2396917 0.0358706 -0.0330573 0.9696228 2425713.2162162
-0.6173140 -10.0225183 0.2004590 -0.1581466 0.1836530 0.6079720 0.7560630 2425723.9729730
-0.5606994 -10.0262136 0.1982758 0.0001020 0.2423608 0.9541254 0.1758008 2425734.7297297
-0.5040674 -10.0295756 0.1960885 0.1583012 0.1835199 0.8375131 -0.4897275 2425745.4864865
-0.4474233 -10.0325962 0.1938935 -0.2397218 -0.0356688 -0.3146938 0.9177304 2425756.2432432
