-6.9548922 -17.6423404 0.0248840 0.5455701 0.3676569 -0.5447418 0.5200365 2415021.0000000
-6.3647981 -17.9006210 0.0161032 0.0722920 -0.6539054 0.7135179 0.2409851 2415051.6186188
-6.2518965 -17.9463083 0.0144635 0.5769350 0.3161714 -0.4948501 0.5677191 2415082.2372375
-6.1387350 -17.9912612 0.0128229 0.5122753 -0.4127861 0.3361343 0.6739401 2415112.8558563
-6.0253193 -18.0354772 0.0111818 -0.1862626 -0.6309712 0.7511935 -0.0537575 2415143.4744751
-5.9116534 -18.0789536 0.0095407 0.6543233 0.0684064 -0.2367424 0.7149368 2415174.0930938
-5.7977453 -18.1216882 0.0078978 -0.3127387 0.5788030 -0.5706486 -0.4914690 2415204.7117126
-5.6835993 -18.1636794 0.0062553 -0.4158219 -0.5098143 0.6719315 -0.3401318 2415235.3303314
-5.5692223 -18.2049270 0.0046118 0.6298536 -0.1900074 0.0582189 0.7508609 2415265.9489502
-5.4546206 -18.2454309 0.0029695 0.0645183 -0.6547181 0.7163305 0.2324913 2415296.5675689
-5.3397978 -18.2851915 0.0013256 0.5806505 0.3092950 -0.4880705 0.5735580 2415327.1861877
-5.2247591 -18.3242077 -0.0003181 0.5073352 -0.4188429 0.3441172 0.6698992 2415357.8048065
-5.1095064 -18.3624786 -0.0019618 -0.1937455 -0.6287138 0.7505019 -0.0626781 2415388.4234252
-4.9940476 -18.4000014 -0.0036052 0.6550898 0.0606280 -0.2282320 0.7176989 2415419.0420440
-4.8783865 -18.4367751 -0.0052486 -0.3058403 0.5824775 -0.5764471 -0.4846548 2415449.6606628
-4.7625296 -18.4727987 -0.0068924 -0.4218492 -0.5048382 0.6678433 -0.3480905 2415480.2792815
-4.6464816 -18.5080716 -0.0085349 0.6275518 -0.1974768 0.0671352 0.7501163 2415510.8979003
-4.5302499 -18.5425937 -0.0101777 0.0567356 -0.6554384 0.7190420 0.2239647 2415541.5165191
-4.4138373 -18.5763645 -0.0118196 0.5842840 0.3023749 -0.4812221 0.5793159 2415572.1351378
-4.2972483 -18.6093829 -0.0134621 0.5023234 -0.4248407 0.3520515 0.6657637 2415602.7537566
-4.1804892 -18.6416472 -0.0151030 -0.2012012 -0.6263677 0.7497043 -0.0715899 2415633.3723754
-4.0635663 -18.6731566 -0.0167442 0.6557638 0.0528411 -0.2196895 0.7203597 2415663.9909942
-3.9464862 -18.7039107 -0.0183841 -0.2988988 0.5860699 -0.5821643 -0.4777723 2415694.6096129
-3.8292527 -18.7339111 -0.0200236 -0.4278171 -0.4997909 0.6636607 -0.3560001 2415725.2282317
-3.7118723 -18.7631578 -0.0216618 0.6251615 -0.2049184 0.0760420 0.7492658 2415755.8468505
-3.5943484 -18.7916512 -0.0232992 0.0489448 -0.6560662 0.7216520 0.2154065 2415786.4654692
-3.4766859 -18.8193907 -0.0249360 0.5878351 0.2954121 -0.4743057 0.5849921 2415817.0840880
-3.3588869 -18.8463747 -0.0265713 0.4972407 -0.4307784 0.3599361 0.6615343 2415847.7027067
-3.2409596 -18.8726014 -0.0282056 -0.2086284 -0.6239332 0.7488009 -0.0804915 2415878.3213255
-3.1229095 -18.8980704 -0.0298382 0.6563453 0.0450467 -0.2111159 0.7229189 2415908.9399443
-3.0047433 -18.9227819 -0.0314707 -0.2919150 0.5895795 -0.5877992 -0.4708223 2415939.5585631
-2.8864658 -18.9467367 -0.0331006 -0.4337245 -0.4946731 0.6593845 -0.3638594 2415970.1771819
-2.7680825 -18.9699364 -0.0347297 0.6226829 -0.2123310 0.0849381 0.7483095 2416000.7958006
-2.6495986 -18.9923805 -0.0363565 0.0411471 -0.6566013 0.7241602 0.2068179 2416031.4144194
-2.5310167 -19.0140697 -0.0379831 0.5913032 0.2884076 -0.4673223 0.5905857 2416062.0330382
-2.4123432 -19.0350030 -0.0396076 0.4920879 -0.4366554 0.3677699 0.6572115 2416092.6516569
-2.2935827 -19.0551805 -0.0412300 -0.2160261 -0.6214106 0.7477917 -0.0893818 2416123.2702757
-2.1747428 -19.0746023 -0.0428507 0.6568342 0.0372460 -0.2025125 0.7253760 2416153.8888944
-2.0558255 -19.0932703 -0.0444695 0.2848900 -0.5930060 0.5933512 0.4638059 2416184.5075132
-1.9368374 -19.1111845 -0.0460869 -0.4395708 -0.4894854 0.6550152 -0.3716674 2416215.1261320
-1.8177821 -19.1283454 -0.0477011 0.6201164 -0.2197137 0.0938222 0.7472476 2416245.7447508
-1.6986646 -19.1447527 -0.0493144 0.0333436 -0.6570438 0.7265661 0.1982000 2416276.3633695
-1.5794887 -19.1604054 -0.0509245 0.5946878 0.2813624 -0.4602731 0.5960959 2416306.9819883
-1.4602607 -19.1753040 -0.0525337 0.4868656 -0.4424707 0.3755518 0.6527959 2416337.6006071
-1.3409884 -19.1894483 -0.0541393 -0.2233934 -0.6188003 0.7466771 -0.0982594 2416368.2192259
-1.2216758 -19.2028407 -0.0557434 0.6572303 0.0294400 -0.1938806 0.7277307 2416398.8378446
-1.1023289 -19.2154831 -0.0573449 0.2778249 -0.5963487 0.5988195 0.4567240 2416429.4564634
-0.9829488 -19.2273774 -0.0589436 -0.4453550 -0.4842286 0.6505535 -0.3794229 2416460.0750822
-0.8635426 -19.2385236 -0.0605403 0.6174624 -0.2270653 0.1026931 0.7460802 2416490.6937009
-0.7441115 -19.2489221 -0.0621340 0.0255354 -0.6573936 0.7288695 0.1895543 2416521.3123197
-0.6246612 -19.2585723 -0.0637260 0.5979885 0.2742775 -0.4531588 0.6015220 2416551.9309384
-0.5051964 -19.2674742 -0.0653139 0.4815746 -0.4482235 0.3832807 0.6482882 2416582.5495572
-0.3857237 -19.2756289 -0.0668998 -0.2307292 -0.6161026 0.7454571 -0.1071232 2416613.1681760
-0.2662476 -19.2830377 -0.0684820 0.6575337 0.0216299 -0.1852213 0.7299827 2416643.7867948
-0.1467719 -19.2897026 -0.0700628 0.2707205 -0.5996072 0.6042032 0.4495776 2416674.4054135
-0.0273016 -19.2956240 -0.0716391 -0.4510763 -0.4789035 0.6459999 -0.3871249 2416705.0240323
0.0921607 -19.3008025 -0.0732128 0.6147212 -0.2343849 0.1115495 0.7448076 2416735.6426511
0.2116083 -19.3052382 -0.0747837 0.0177236 -0.6576506 0.7310700 0.1808817 2416766.2612699
0.3310385 -19.3089327 -0.0763518 0.6012048 0.2671539 -0.4459806 0.6068632 2416796.8798886
0.4504438 -19.3118866 -0.0779166 0.4762156 -0.4539131 0.3909555 0.6436889 2416827.4985074
0.5698211 -19.3141023 -0.0794772 -0.2380323 -0.6133180 0.7441318 -0.1159719 2416858.1171261
0.6891667 -19.3155820 -0.0810356 0.6577443 0.0138167 -0.1765358 0.7321316 2416888.7357449
0.8084785 -19.3163264 -0.0825902 0.2635779 -0.6027811 0.6095017 0.4423678 2416919.3543637
0.9277519 -19.3163356 -0.0841419 -0.4567340 -0.4735108 0.6413552 -0.3947722 2416949.9729824
1.0469831 -19.3156090 -0.0856892 0.6118932 -0.2416714 0.1203901 0.7434298 2416980.5916012
1.1661676 -19.3141467 -0.0872341 0.0099093 -0.6578147 0.7331674 0.1721837 2417011.2102200
1.2852993 -19.3119496 -0.0887747 0.6043362 0.2599926 -0.4387394 0.6121187 2417041.8288388
1.4043738 -19.3090197 -0.0903119 0.4707893 -0.4595387 0.3985751 0.6389988 2417072.4474575
1.5233848 -19.3053585 -0.0918450 -0.2453019 -0.6104469 0.7427015 -0.1248042 2417103.0660763
1.6423310 -19.3009691 -0.0933749 0.6578620 0.0060015 -0.1678254 0.7341772 2417133.6846951
1.7612082 -19.2958519 -0.0949012 0.2563981 -0.6058700 0.6147141 0.4350955 2417164.3033139
1.8800141 -19.2900076 -0.0964230 -0.4623272 -0.4680513 0.6366199 -0.4023638 2417194.9219326
1.9987428 -19.2834366 -0.0979416 0.6089789 -0.2489238 0.1292138 0.7419470 2417225.5405514
2.1173916 -19.2761396 -0.0994564 0.0020936 -0.6578860 0.7351612 0.1634613 2417256.1591701
2.2359549 -19.2681177 -0.1009677 0.6073823 0.2527946 -0.4314363 0.6172879 2417286.7777889
2.3544297 -19.2593727 -0.1024734 0.4652967 -0.4650993 0.4061384 0.6342186 2417317.3964077
2.4728117 -19.2499060 -0.1039764 -0.2525369 -0.6074895 0.7411664 -0.1336188 2417348.0150264
2.5910977 -19.2397182 -0.1054750 0.6578868 -0.0018145 -0.1590914 0.7361192 2417378.6336452
2.7092851 -19.2288100 -0.1069702 0.2491821 -0.6088733 0.6198398 0.4277619 2417409.2522640
2.8273677 -19.2171805 -0.1084599 -0.4678551 -0.4625257 0.6317948 -0.4098986 2417439.8708828
2.9453422 -19.2048314 -0.1099460 0.6059787 -0.2561410 0.1380192 0.7403596 2417470.4895016
3.0632018 -19.1917641 -0.1114285 -0.0057224 -0.6578645 0.7370513 0.1547158 2417501.1081203
3.1809444 -19.1779811 -0.1129059 0.6103427 0.2455609 -0.4240723 0.6223699 2417531.7267391
3.2985640 -19.1634843 -0.1143791 0.4597383 -0.4705944 0.4136444 0.6293488 2417562.3453578
3.4160603 -19.1482757 -0.1158474 -0.2597362 -0.6044465 0.7395266 -0.1424147 2417592.9639766
3.5334298 -19.1323557 -0.1173129 0.6578189 -0.0096302 -0.1503349 0.7379573 2417623.5825954
3.6506697 -19.1157239 -0.1187726 0.2419309 -0.6117907 0.6248780 0.4203678 2417654.2012141
3.7677749 -19.0983803 -0.1202287 -0.4733170 -0.4569348 0.6268805 -0.4173756 2417684.8198329
3.8847399 -19.0803252 -0.1216795 0.6028929 -0.2633222 0.1468051 0.7386676 2417715.4384517
4.0015615 -19.0615610 -0.1231269 -0.0135376 -0.6577501 0.7388373 0.1459486 2417746.0570705
4.1182341 -19.0420889 -0.1245684 0.6132170 0.2382925 -0.4166485 0.6273640 2417776.6756892
4.2347556 -19.0219110 -0.1260054 0.4541151 -0.4760230 0.4210921 0.6243902 2417807.2943080
4.3511200 -19.0010283 -0.1274384 -0.2668988 -0.6013181 0.7377825 -0.1511904 2417837.9129268
4.4673272 -18.9794418 -0.1288662 0.6576580 -0.0174446 -0.1415571 0.7396913 2417868.5315456
4.5833706 -18.9571517 -0.1302895 0.2346456 -0.6146217 0.6298280 0.4129144 2417899.1501643
4.6992467 -18.9341596 -0.1317069 -0.4787121 -0.4512794 0.6218778 -0.4247936 2417929.7687831
4.8149504 -18.9104671 -0.1331211 0.5997220 -0.2704661 0.1555703 0.7368714 2417960.3874018
4.9304785 -18.8860763 -0.1345294 -0.0213509 -0.6575428 0.7405191 0.1371607 2417991.0060206
5.0458286 -18.8609893 -0.1359329 0.6160047 0.2309905 -0.4091658 0.6322697 2418021.6246394
5.1609970 -18.8352061 -0.1373308 0.4484278 -0.4813844 0.4284803 0.6193434 2418052.2432581
5.2759810 -18.8087276 -0.1387251 -0.2740238 -0.5981048 0.7359343 -0.1599448 2418082.8618769
5.3907757 -18.7815534 -0.1401139 0.6574044 -0.0252565 -0.1327594 0.7413208 2418113.4804957
5.5053776 -18.7536841 -0.1414971 0.2273272 -0.6173660 0.6346890 0.4054028 2418144.0991145
5.6197787 -18.7251211 -0.1428752 -0.4840396 -0.4455603 0.6167872 -0.4321517 2418174.7177332
5.7339769 -18.6958676 -0.1442484 0.5964665 -0.2775719 0.1643136 0.7349712 2418205.3363520
5.8479673 -18.6659256 -0.1456167 -0.0291612 -0.6572427 0.7420964 0.1283534 2418235.9549708
5.9617476 -18.6352973 -0.1469784 0.6187055 0.2236559 -0.4016254 0.6370860 2418266.5735895
6.0753141 -18.6039839 -0.1483358 0.4426772 -0.4866778 0.4358080 0.6142093 2418297.1922083
6.1886645 -18.5719858 -0.1496876 -0.2811101 -0.5948071 0.7339822 -0.1686766 2418327.8108271
6.3017947 -18.5393038 -0.1510346 0.6570579 -0.0330649 -0.1239430 0.7428457 2418358.4294458
6.4146996 -18.5059385 -0.1523749 0.2199767 -0.6200231 0.6394605 0.3978339 2418389.0480646
6.5273747 -18.4718917 -0.1537107 -0.4892989 -0.4397784 0.6116096 -0.4394488 2418419.6666834
6.6398156 -18.4371656 -0.1550407 0.5931268 -0.2846384 0.1730336 0.7329672 2418450.2853021
6.7520212 -18.4017622 -0.1563652 -0.0369674 -0.6568499 0.7435689 0.1195281 2418480.9039209
6.8639854 -18.3656820 -0.1576837 0.6213189 0.2162897 -0.3940283 0.6418125 2418511.5225397
6.9757058 -18.3289265 -0.1589970 0.4368641 -0.4919026 0.4430742 0.6089884 2418542.1411585
7.0871770 -18.2914960 -0.1603052 -0.2881567 -0.5914255 0.7319264 -0.1773846 2418572.7597772
7.1983957 -18.2533923 -0.1616066 0.6566187 -0.0408686 -0.1151090 0.7442658 2418603.3783960
7.3093555 -18.2146182 -0.1629025 0.2125951 -0.6225927 0.6441418 0.3902089 2418633.9970148
7.4200532 -18.1751761 -0.1641923 -0.4944890 -0.4339343 0.6063457 -0.4466839 2418664.6156335
7.5304858 -18.1350689 -0.1654773 0.5897033 -0.2916649 0.1817292 0.7308598 2418695.2342523
7.6406518 -18.0942981 -0.1667548 -0.0447683 -0.6563644 0.7449364 0.1106859 2418725.8528711
7.7505476 -18.0528642 -0.1680273 0.6238446 0.2088930 -0.3863756 0.6464484 2418756.4714898
7.8601683 -18.0107670 -0.1692935 0.4309893 -0.4970580 0.4502779 0.6036816 2418787.0901086
7.9695113 -17.9680083 -0.1705547 -0.2951627 -0.5879604 0.7297674 -0.1860675 2418817.7087274
8.0785694 -17.9245886 -0.1718088 0.6560869 -0.0486665 -0.1062588 0.7455808 2418848.3273461
8.1873395 -17.8805112 -0.1730564 0.2051836 -0.6250745 0.6487321 0.3825288 2418878.9459649
8.2958156 -17.8357787 -0.1742990 -0.4996094 -0.4280291 0.6009962 -0.4538559 2418909.5645837
8.4039974 -17.7903936 -0.1755347 0.5861966 -0.2986501 0.1903992 0.7286493 2418940.1832025
8.5118797 -17.7443576 -0.1767648 -0.0525629 -0.6557862 0.7461988 0.1018280 2418970.8018212
8.6194594 -17.6976718 -0.1779874 0.6262823 0.2014669 -0.3786684 0.6509930 2419001.4204400
8.7267324 -17.6503376 -0.1792052 0.4250537 -0.5021431 0.4574180 0.5982896 2419032.0390588
8.8336946 -17.6023570 -0.1804155 -0.3021270 -0.5844123 0.7275054 -0.1947242 2419062.6576775
8.9403424 -17.5537327 -0.1816199 0.6554624 -0.0564575 -0.0973936 0.7467905 2419093.2762963
9.0466701 -17.5044664 -0.1828171 0.1977430 -0.6274680 0.6532309 0.3747946 2419123.8949151
9.1526768 -17.4545613 -0.1840086 -0.5046592 -0.4220634 0.5955618 -0.4609639 2419154.5135338
9.2583585 -17.4040181 -0.1851932 0.5826072 -0.3055932 0.1990423 0.7263358 2419185.1321526
9.3637132 -17.3528379 -0.1863710 -0.0603501 -0.6551155 0.7473559 0.0929558 2419215.7507714
9.4687331 -17.3010215 -0.1875430 0.6286316 0.1940122 -0.3709077 0.6554457 2419246.3693902
9.5734156 -17.2485710 -0.1887077 0.4190581 -0.5071575 0.4644935 0.5928131 2419276.9880089
9.6777552 -17.1954893 -0.1898665 -0.3090486 -0.5807817 0.7251407 -0.2033534 2419307.6066277
9.7817478 -17.1417800 -0.1910170 0.6547454 -0.0642406 -0.0885147 0.7478949 2419338.2252465
9.8853901 -17.0874463 -0.1921620 0.1902746 -0.6297730 0.6576374 0.3670076 2419368.8438652
9.9886791 -17.0324905 -0.1932998 -0.5096378 -0.4160381 0.5900434 -0.4680068 2419399.4624840
10.0916140 -16.9769148 -0.1944310 0.5789356 -0.3124932 0.2076573 0.7239199 2419430.0811028
10.1941896 -16.9207194 -0.1955545 -0.0681288 -0.6543522 0.7484075 0.0840704 2419460.6997215
10.2964023 -16.8639060 -0.1966716 0.6308921 0.1865302 -0.3630946 0.6598059 2419491.3183403
10.3982467 -16.8064768 -0.1977818 0.4130034 -0.5121002 0.4715035 0.5872529 2419521.9369591
10.4997202 -16.7484344 -0.1988846 -0.3159267 -0.5770691 0.7226736 -0.2119539 2419552.5555778
10.6008164 -16.6897816 -0.1999804 0.6539360 -0.0720146 -0.0796232 0.7488937 2419583.1741966
10.7015341 -16.6305215 -0.2010685 0.1827793 -0.6319890 0.6619512 0.3591688 2419613.7928154
10.8018694 -16.5706559 -0.2021506 -0.5145445 -0.4099541 0.5844417 -0.4749836 2419644.4114342
10.9018190 -16.5101867 -0.2032248 0.5751822 -0.3193490 0.2162430 0.7214018 2419675.0300529
11.0013778 -16.4491158 -0.2042924 -0.0758979 -0.6534967 0.7493534 0.0751732 2419705.6486717
11.1005410 -16.3874457 -0.2053518 0.6330636 0.1790219 -0.3552304 0.6640730 2419736.2672905
11.1993058 -16.3251807 -0.2064046 0.4068904 -0.5169706 0.4784470 0.5816099 2419766.8859092
11.2976686 -16.2623238 -0.2074494 -0.3227601 -0.5732751 0.7201045 -0.2205245 2419797.5045280
11.3956266 -16.1988780 -0.2084872 0.6530343 -0.0797785 -0.0707206 0.7497868 2419828.1231468
11.4931761 -16.1348453 -0.2095172 0.1752582 -0.6341159 0.6661715 0.3512793 2419858.7417655
11.5903169 -16.0702274 -0.2105400 -0.5193785 -0.4038123 0.5787576 -0.4818934 2419889.3603843
11.6870424 -16.0050250 -0.2115552 0.5713477 -0.3261598 0.2247982 0.7187819 2419919.9790031
11.7833488 -15.9392409 -0.2125623 -0.0836562 -0.6525489 0.7501936 0.0662654 2419950.5976218
11.8792298 -15.8728779 -0.2135627 0.6351458 0.1714883 -0.3473159 0.6682464 2419981.2162406
11.9746831 -15.8059400 -0.2145544 0.4007199 -0.5217681 0.4853229 0.5758848 2420011.8348594
12.0697046 -15.7384316 -0.2155393 -0.3295480 -0.5694001 0.7174338 -0.2290640 2420042.4534782
12.1642917 -15.6703553 -0.2165152 0.6520404 -0.0875310 -0.0618079 0.7505740 2420073.0720969
12.2584418 -15.6017142 -0.2174849 0.1677124 -0.6361533 0.6702977 0.3433403 2420103.6907157
12.3521517 -15.5325104 -0.2184461 -0.5241393 -0.3976134 0.5729917 -0.4887352 2420134.3093345
12.4454185 -15.4627462 -0.2193999 0.5674325 -0.3329245 0.2333217 0.7160605 2420164.9279532
12.5382359 -15.3924242 -0.2203447 -0.0914028 -0.6515090 0.7509279 0.0573482 2420195.5465720
12.6306031 -15.3215489 -0.2212822 0.6371383 0.1639305 -0.3393525 0.6723254 2420226.1651907
12.7225147 -15.2501229 -0.2222121 0.3944929 -0.5264919 0.4921303 0.5700784 2420256.7838095
12.8139699 -15.1781498 -0.2231330 -0.3362893 -0.5654448 0.7146618 -0.2375711 2420287.4024283
12.9049635 -15.1056318 -0.2240466 0.6509545 -0.0952713 -0.0528865 0.7512554 2420318.0210471
12.9954945 -15.0325709 -0.2249511 0.1601429 -0.6381008 0.6743294 0.3353527 2420348.6396659
13.0855576 -14.9589704 -0.2258493 -0.5288260 -0.3913584 0.5671450 -0.4955080 2420379.2582846
13.1751479 -14.8848330 -0.2267377 0.5634372 -0.3396423 0.2418122 0.7132380 2420409.8769034
13.2642619 -14.8101633 -0.2276186 -0.0991364 -0.6503771 0.7515563 0.0484230 2420440.4955222
13.3528958 -14.7349661 -0.2284908 0.6390409 0.1563496 -0.3313411 0.6763096 2420471.1141409
13.4410502 -14.6592461 -0.2293554 0.3882102 -0.5311415 0.4988682 0.5641915 2420501.7327597
13.5287203 -14.5830054 -0.2302113 -0.3429832 -0.5614097 0.7117890 -0.2460447 2420532.3513784
13.6159059 -14.5062471 -0.2310589 0.6497767 -0.1029981 -0.0439577 0.7518306 2420562.9699972
13.7026023 -14.4289729 -0.2318987 0.1525508 -0.6399583 0.6782659 0.3273178 2420593.5886160
13.7888078 -14.3511857 -0.2327295 0.5334382 0.3850482 -0.5612182 0.5022109 2420624.2072347
13.8745160 -14.2728892 -0.2335521 0.5593624 -0.3463121 0.2502686 0.7103149 2420654.8258535
13.9597246 -14.1940872 -0.2343653 -0.1068561 -0.6491534 0.7520785 0.0394909 2420685.4444723
14.0444304 -14.1147845 -0.2351716 0.6408532 0.1487466 -0.3232830 0.6801983 2420716.0630911
14.1286316 -14.0349849 -0.2359682 0.3818727 -0.5357160 0.5055358 0.5582250 2420746.6817099
14.2123264 -13.9546916 -0.2367565 -0.3496287 -0.5572954 0.7088157 -0.2544836 2420777.3003286
14.2955103 -13.8739071 -0.2375359 0.6485072 -0.1107103 -0.0350226 0.7522998 2420807.9189474
14.3781822 -13.7926358 -0.2383079 0.1449371 -0.6417255 0.6821067 0.3192368 2420838.5375662
14.4603372 -13.7108808 -0.2390708 0.5379750 0.3786837 -0.5552122 0.5088428 2420869.1561849
14.5419737 -13.6286469 -0.2398244 0.5552087 -0.3529330 0.2586897 0.7072915 2420899.7748037
14.6230888 -13.5459386 -0.2405696 -0.1145606 -0.6478381 0.7524946 0.0305532 2420930.3934224
14.7036829 -13.4627595 -0.2413066 0.6425751 0.1411226 -0.3151793 0.6839910 2420961.0120412
14.7837526 -13.3791122 -0.2420351 0.3754813 -0.5402150 0.5121320 0.5521797 2420991.6306600
14.8632965 -13.2949990 -0.2427537 -0.3562249 -0.5531024 0.7057423 -0.2628866 2421022.2492788
14.9423105 -13.2104225 -0.2434646 0.6471462 -0.1184069 -0.0260827 0.7526628 2421052.8678975
15.0207917 -13.1253866 -0.2441664 0.1373030 -0.6434021 0.6858511 0.3111106 2421083.4865163
15.0987368 -13.0398958 -0.2448598 0.5424359 0.3722656 -0.5491278 0.5154030 2421114.1051351
15.1761422 -12.9539544 -0.2455431 0.5509766 -0.3595041 0.2670742 0.7041683 2421144.7237539
15.2530072 -12.8675680 -0.2462186 -0.1222491 -0.6464314 0.7528045 0.0216112 2421175.3423726
15.3293309 -12.7807401 -0.2468853 0.6442064 0.1334787 -0.3070310 0.6876871 2421205.9609914
15.4051130 -12.6934737 -0.2475430 0.3690369 -0.5446377 0.5186559 0.5460565 2421236.5796101
15.4803491 -12.6057712 -0.2481916 -0.3627707 -0.5488313 0.7025694 -0.2712524 2421267.1982289
15.5550390 -12.5176361 -0.2488318 0.6456938 -0.1260868 -0.0171390 0.7529196 2421297.8168477
15.6291782 -12.4290716 -0.2494637 0.1296496 -0.6449879 0.6894988 0.3029406 2421328.4354664
15.7027665 -12.3400824 -0.2500851 0.5468202 0.3657951 -0.5429659 0.5218904 2421359.0540852
15.7758003 -12.2506721 -0.2506987 0.5466667 -0.3660245 0.2754211 0.7009457 2421389.6727040
15.8482789 -12.1608442 -0.2513028 -0.1299202 -0.6449334 0.7530081 0.0126662 2421420.2913228
15.9202016 -12.0706024 -0.2518994 0.6457467 0.1258159 -0.2988394 0.6912862 2421450.9099415
15.9915653 -11.9799483 -0.2524852 0.3625404 -0.5489835 0.5251065 0.5398562 2421481.5285603
16.0623677 -11.8888859 -0.2530628 -0.3692654 -0.5444828 0.6992972 -0.2795800 2421512.1471791
16.1326049 -11.7974192 -0.2536317 0.6441503 -0.1337490 -0.0081929 0.7530700 2421542.7657979
16.2022771 -11.7055531 -0.2541919 0.1219778 -0.6464827 0.6930492 0.2947278 2421573.3844166
16.2713806 -11.6132917 -0.2547422 0.5511274 0.3592729 -0.5367274 0.5283042 2421604.0030354
16.3399173 -11.5206395 -0.2552835 0.5422796 -0.3724932 0.2837290 0.6976241 2421634.6216541
16.4078851 -11.4275988 -0.2558172 -0.1375730 -0.6433444 0.7531054 0.0037193 2421665.2402729
16.4752845 -11.3341718 -0.2563411 0.6471958 0.1181354 -0.2906057 0.6947877 2421695.8588917
16.5421117 -11.2403607 -0.2568565 0.3559928 -0.5532518 0.5314831 0.5335797 2421726.4775104
16.6083641 -11.1461680 -0.2573618 -0.3757079 -0.5400574 0.6959264 -0.2878681 2421757.0961292
16.6740396 -11.0515985 -0.2578599 0.6425159 -0.1413922 0.0007544 0.7531142 2421787.7147480
16.7391357 -10.9566560 -0.2583477 0.1142888 -0.6478862 0.6965017 0.2864734 2421818.3333668
16.8036521 -10.8613450 -0.2588266 0.5553567 0.3527000 -0.5304131 0.5346433 2421848.9519856
16.8675856 -10.7656687 -0.2592966 0.5378160 -0.3789094 0.2919970 0.6942041 2421879.5706043
16.9309382 -10.6696307 -0.2597581 -0.1452064 -0.6416646 0.7530965 -0.0052280 2421910.1892231
16.9937064 -10.5732329 -0.2602104 0.6485536 0.1104382 -0.2823309 0.6981911 2421940.8078418
17.0558890 -10.4764791 -0.2606529 0.3493949 -0.5574420 0.5377847 0.5272279 2421971.4264606
17.1174826 -10.3793726 -0.2610875 -0.3820974 -0.5355557 0.6924573 -0.2961156 2422002.0450794
17.1784873 -10.2819176 -0.2615126 0.6407908 -0.1490155 0.0097015 0.7530521 2422032.6636981
17.2389019 -10.1841181 -0.2619290 0.1065837 -0.6491982 0.6998559 0.2781785 2422063.2823169
17.2987258 -10.0859766 -0.2623353 0.5595077 0.3460773 -0.5240240 0.5409071 2422093.9009357
17.3579575 -9.9874957 -0.2627342 0.5332765 -0.3852720 0.3002237 0.6906861 2422124.5195545
17.4165951 -9.8886775 -0.2631237 -0.1528193 -0.6398943 0.7529812 -0.0141746 2422155.1381732
17.4746375 -9.7895247 -0.2635040 0.6498199 0.1027254 -0.2740163 0.7014960 2422185.7567920
17.5320796 -9.6900407 -0.2638747 0.3427476 -0.5615536 0.5440103 0.5208016 2422216.3754108
17.5889209 -9.5902306 -0.2642372 -0.3884330 -0.5309785 0.6888905 -0.3043212 2422246.9940296
17.6451593 -9.4900985 -0.2645908 0.6389752 -0.1566177 0.0186473 0.7528837 2422277.6126483
17.7007956 -9.3896486 -0.2649345 0.0988635 -0.6504186 0.7031114 0.2698444 2422308.2312671
17.7558282 -9.2888840 -0.2652695 0.5635797 0.3394058 -0.5175609 0.5470944 2422338.8498858
17.8102577 -9.1878066 -0.2655956 0.5286618 -0.3915803 0.3084080 0.6870707 2422369.4685046
17.8640814 -9.0864188 -0.2659135 -0.1604106 -0.6380336 0.7527597 -0.0231192 2422400.0871234
17.9172981 -8.9847233 -0.2662210 0.6509944 0.0949981 -0.2656630 0.7047019 2422430.7057421
17.9699043 -8.8827232 -0.2665204 0.3360520 -0.5655859 0.5501592 0.5143019 2422461.3243609
18.0218984 -8.7804228 -0.2668102 -0.3947138 -0.5263264 0.6852265 -0.3124840 2422491.9429797
18.0732809 -8.6778263 -0.2670918 0.6370694 -0.1641979 0.0275904 0.7526090 2422522.5615985
18.1240494 -8.5749359 -0.2673635 0.0911294 -0.6515473 0.7062676 0.2614722 2422553.1802172
18.1742033 -8.4717550 -0.2676268 0.5675722 0.3326864 -0.5110248 0.5532046 2422583.7988360
18.2237396 -8.3682858 -0.2678812 0.5239724 -0.3978333 0.3165489 0.6833582 2422614.4174548
18.2726585 -8.2645319 -0.2681262 -0.1679793 -0.6360828 0.7524319 -0.0320606 2422645.0360735
18.3209555 -8.1604974 -0.2683622 0.6520771 0.0872574 -0.2572722 0.7078083 2422675.6546923
18.3686308 -8.0561866 -0.2685888 0.3293090 -0.5695384 0.5562304 0.5077296 2422706.2733111
18.4156823 -7.9516032 -0.2688074 -0.4009388 -0.5215999 0.6814658 -0.3206026 2422736.8919298
18.4621121 -7.8467510 -0.2690156 0.6350738 -0.1717548 0.0365296 0.7522281 2422767.5105486
18.5079189 -7.7416319 -0.2692157 0.0833824 -0.6525839 0.7093241 0.2530631 2422798.1291674
18.5530999 -7.6362472 -0.2694060 0.5714845 0.3259200 -0.5044165 0.5592366 2422828.7477861
18.5976544 -7.5306004 -0.2695888 0.5192090 -0.4040302 0.3246450 0.6795493 2422859.3664049
18.6415785 -7.4246938 -0.2697613 -0.1755243 -0.6340423 0.7519979 -0.0409974 2422889.9850237
18.6848715 -7.3185323 -0.2699248 0.6530677 0.0795044 -0.2488451 0.7108148 2422920.6036425
18.7275294 -7.2121202 -0.2700796 0.3225195 -0.5734105 0.5622231 0.5010856 2422951.2222612
18.7695546 -7.1054617 -0.2702254 -0.4071073 -0.5167999 0.6776088 -0.3286759 2422981.8408800
18.8109445 -6.9985600 -0.2703625 0.6329884 -0.1792875 0.0454637 0.7517411 2423012.4594988
18.8516999 -6.8914180 -0.2704895 0.0756237 -0.6535285 0.7122805 0.2446183 2423043.0781175
18.8918177 -6.7840380 -0.2706086 0.5753162 0.3191076 -0.4977370 0.5651898 2423073.6967363
18.9312973 -6.6764233 -0.2707176 0.5143724 -0.4101700 0.3326953 0.6756445 2423104.3153551
18.9701372 -6.5685780 -0.2708188 -0.1830445 -0.6319123 0.7514577 -0.0499285 2423134.9339738
19.0083347 -6.4605052 -0.2709094 0.6539662 0.0717402 -0.2403829 0.7137210 2423165.5525926
19.0458899 -6.3522092 -0.2709919 -0.3156845 0.5772016 -0.5681365 -0.4943709 2423196.1712114
19.0828019 -6.2436926 -0.2710649 -0.4132182 -0.5119268 0.6736563 -0.3367029 2423226.7898301
19.1190716 -6.1349582 -0.2711292 0.6308138 -0.1867950 0.0543914 0.7511479 2423257.4084489
19.1546935 -6.0260082 -0.2711846 0.0678542 -0.6543808 0.7151363 0.2361390 2423288.0270677
19.1896674 -5.9168460 -0.2712306 0.5790667 0.3122502 -0.4909873 0.5710631 2423318.6456865
19.2239902 -5.8074758 -0.2712680 0.5094632 -0.4162519 0.3406987 0.6716443 2423349.2643052
19.2576617 -5.6979028 -0.2712955 -0.1905388 -0.6296931 0.7508116 -0.0588524 2423379.8829240
19.2906799 -5.5881314 -0.2713146 0.6547723 0.0639659 -0.2318867 0.7165264 2423410.5015428
19.3230452 -5.4781649 -0.2713242 -0.3088049 0.5809113 -0.5739696 -0.4875864 2423441.1201615
19.3547583 -5.3680070 -0.2713255 -0.4192709 -0.5069816 0.6696086 -0.3446824 2423471.7387803
19.3858183 -5.2576589 -0.2713166 0.6285501 -0.1942760 0.0633114 0.7504487 2423502.3573991
19.4162227 -5.1471234 -0.2712993 0.0600752 -0.6551407 0.7178913 0.2276263 2423532.9760178
19.4459685 -5.0364037 -0.2712726 0.5827354 0.3053487 -0.4841682 0.5768559 2423563.5946366
19.4750558 -4.9255042 -0.2712373 0.5044821 -0.4222751 0.3486539 0.6675493 2423594.2132554
19.5034811 -4.8144288 -0.2711924 -0.1980063 -0.6273850 0.7500594 -0.0677681 2423624.8318742
19.5312450 -4.7031820 -0.2711380 0.6554860 0.0561825 -0.2233579 0.7192307 2423655.4504929
19.5583460 -4.5917670 -0.2710753 -0.3018817 0.5845390 -0.5797218 -0.4807330 2423686.0691117
19.5847846 -4.4801870 -0.2710034 -0.4252644 -0.5019647 0.6654664 -0.3526132 2423716.6877305
19.6105577 -4.3684451 -0.2709228 0.6261977 -0.2017296 0.0722225 0.7496436 2423747.3063492
19.6356641 -4.2565448 -0.2708320 0.0522877 -0.6558082 0.7205449 0.2190815 2423777.9249680
19.6601020 -4.1444908 -0.2707331 0.5863219 0.2984041 -0.4772809 0.5825672 2423808.5435868
19.6838718 -4.0322877 -0.2706244 0.4994297 -0.4282387 0.3565600 0.6633601 2423839.1622055
19.7069726 -3.9199393 -0.2705074 -0.2054458 -0.6249883 0.7492013 -0.0766742 2423869.7808243
19.7294029 -3.8074483 -0.2703800 0.6561072 0.0483912 -0.2147974 0.7218335 2423900.3994431
19.7511647 -3.6948179 -0.2702445 -0.2949159 0.5880842 -0.5853921 -0.4738119 2423931.0180618
19.7722545 -3.5820499 -0.2700997 -0.4311978 -0.4968771 0.6612303 -0.3604942 2423961.6366806
19.7926710 -3.4691482 -0.2699455 0.6237569 -0.2091548 0.0811233 0.7487327 2423992.2552994
19.8124098 -3.3561164 -0.2697823 0.0444929 -0.6563831 0.7230968 0.2105058 2424022.8739182
19.8314714 -3.2429599 -0.2696097 0.5898257 0.2914174 -0.4703261 0.5881963 2424053.4925369
19.8498542 -3.1296840 -0.2694287 0.4943069 -0.4341418 0.3644157 0.6590772 2424084.1111557
19.8675591 -3.0162927 -0.2692374 -0.2128564 -0.6225035 0.7482376 -0.0855695 2424114.7297745
19.8845845 -2.9027895 -0.2690381 0.6566358 0.0405930 -0.2062067 0.7243344 2424145.3483932
19.9009312 -2.7891775 -0.2688291 -0.2879085 0.5915463 -0.5909798 -0.4668238 2424175.9670120
19.9165986 -2.6754600 -0.2686121 -0.4370704 -0.4917193 0.6569009 -0.3683243 2424206.5856307
19.9315828 -2.5616399 -0.2683841 0.6212281 -0.2165504 0.0900127 0.7477161 2424237.2042495
19.9458844 -2.4477224 -0.2681479 0.0366917 -0.6568654 0.7255466 0.2019004 2424267.8228683
19.9595008 -2.3337113 -0.2679027 0.5932461 0.2843895 -0.4633050 0.5937424 2424298.4414871
19.9724340 -2.2196113 -0.2676480 0.4891143 -0.4399837 0.3722200 0.6547014 2424329.0601058
19.9846806 -2.1054254 -0.2673841 -0.2202368 -0.6199307 0.7471682 -0.0944528 2424359.6787246
19.9962421 -1.9911570 -0.2671105 0.6570717 0.0327891 -0.1975869 0.7267331 2424390.2973434
20.0071155 -1.8768097 -0.2668293 0.2808605 -0.5949250 0.5964841 0.4597699 2424420.9159622
20.0172998 -1.7623878 -0.2665377 -0.4428814 -0.4864920 0.6524787 -0.3761025 2424451.5345809
20.0267926 -1.6478960 -0.2662375 0.6186115 -0.2239155 0.0988895 0.7465939 2424482.1531997
20.0355934 -1.5333400 -0.2659272 0.0288854 -0.6572549 0.7278940 0.1932664 2424512.7718185
20.0437042 -1.4187251 -0.2656093 0.5965829 0.2773215 -0.4562185 0.5992047 2424543.3904372
20.0511240 -1.3040542 -0.2652811 0.4838526 -0.4457634 0.3799717 0.6502331 2424574.0090560
20.0578538 -1.1893310 -0.2649440 -0.2275862 -0.6172705 0.7459933 -0.1033227 2424604.6276747
20.0638913 -1.0745578 -0.2645980 0.6574149 0.0249807 -0.1889392 0.7290292 2424635.2462935
20.0692373 -0.9597383 -0.2642428 0.2737728 -0.5982197 0.6019042 0.4526510 2424665.8649123
20.0738874 -0.8448769 -0.2638786 -0.4486297 -0.4811962 0.6479645 -0.3838276 2424696.4835311
20.0778417 -0.7299786 -0.2635040 0.6159077 -0.2312490 0.1077522 0.7453664 2424727.1021498
20.0810985 -0.6150486 -0.2631216 0.0210750 -0.6575517 0.7301387 0.1846052 2424757.7207686
20.0836594 -0.5000921 -0.2627294 0.5998355 0.2702144 -0.4490676 0.6045824 2424788.3393874
20.0855243 -0.3851130 -0.2623284 0.4785227 -0.4514803 0.3876699 0.6456730 2424818.9580062
20.0866919 -0.2701147 -0.2619174 -0.2349035 -0.6145232 0.7447132 -0.1121780 2424849.5766249
20.0871624 -0.1551018 -0.2614987 0.6576653 0.0171686 -0.1802648 0.7312224 2424880.1952437
20.0869347 -0.0400784 -0.2610703 0.2666465 -0.6014300 0.6072393 0.4454683 2424910.8138624
20.0860088 0.0749504 -0.2606325 -0.4543148 -0.4758324 0.6433588 -0.3914985 2424941.4324812
20.0843834 0.1899796 -0.2601851 0.6131170 -0.2385498 0.1165997 0.7440337 2424972.0511000
20.0820613 0.3050045 -0.2597296 0.0132616 -0.6577557 0.7322803 0.1759179 2425002.6697187
20.0790412 0.4200219 -0.2592651 0.6030033 0.2630691 -0.4418533 0.6098748 2425033.2883375
20.0753244 0.5350283 -0.2587905 0.4731252 -0.4571334 0.3953133 0.6410219 2425063.9069563
20.0709084 0.6500204 -0.2583074 -0.2421876 -0.6116891 0.7433279 -0.1210174 2425094.5255751
20.0657931 0.7649935 -0.2578152 0.6578228 0.0093542 -0.1715649 0.7333124 2425125.1441939
20.0599769 0.8799420 -0.2573145 0.2594825 -0.6045554 0.6124887 0.4382227 2425155.7628126
20.0534596 0.9948608 -0.2568032 -0.4599358 -0.4704014 0.6386623 -0.3991141 2425186.3814314
20.0462420 1.1097436 -0.2562839 0.6102397 -0.2458169 0.1254308 0.7425959 2425217.0000502
20.0383261 1.2245861 -0.2557552 0.0054464 -0.6578668 0.7343186 0.1672058 2425247.6186689
20.0297139 1.3393845 -0.2552184 0.6060861 0.2558867 -0.4345767 0.6150811 2425278.2372877
20.0204035 1.4541360 -0.2546715 0.4676610 -0.4627220 0.4029009 0.6362802 2425308.8559064
20.0103969 1.5688363 -0.2541162 -0.2494376 -0.6087687 0.7418377 -0.1298398 2425339.4745252
19.9996915 1.6834817 -0.2535524 0.6578876 0.0015384 -0.1628409 0.7352989 2425370.0931440
19.9882895 1.7980663 -0.2529788 0.2522819 -0.6075954 0.6176517 0.4309153 2425400.7117628
19.9761893 1.9125858 -0.2523967 -0.4654918 -0.4649041 0.6338756 -0.4066734 2425431.3303815
19.9633929 2.0270355 -0.2518052 0.6072762 -0.2530494 0.1342442 0.7410534 2425461.9490003
19.9499011 2.1414109 -0.2512063 -0.0023696 -0.6578851 0.7362532 0.1584702 2425492.5676191
19.9357148 2.2557088 -0.2505968 0.6090833 0.2486682 -0.4272387 0.6202005 2425523.1862379
19.9208334 2.3699249 -0.2499793 0.4621307 -0.4682452 0.4104316 0.6314487 2425553.8048566
19.9052560 2.4840544 -0.2493526 -0.2566523 -0.6057623 0.7402428 -0.1386439 2425584.4234754
19.8889848 2.5980916 -0.2487182 0.6578594 -0.0062776 -0.1540938 0.7371816 2425615.0420941
19.8720192 2.7120319 -0.2480736 0.2450457 -0.6105497 0.6227275 0.4235470 2425645.6607129
19.8543637 2.8258698 -0.2474204 -0.4709821 -0.4593411 0.6289995 -0.4141753 2425676.2793317
19.8360177 2.9396027 -0.2467595 0.6042271 -0.2602461 0.1430386 0.7394062 2425706.8979504
19.8169848 3.0532271 -0.2460896 -0.0101853 -0.6578105 0.7380839 0.1497121 2425737.5165692
19.7972633 3.1667402 -0.2454114 0.6119946 0.2414146 -0.4198404 0.6252325 2425768.1351880
19.7768539 3.2801386 -0.2447232 0.4565352 -0.4737024 0.4179044 0.6265281 2425798.7538068
19.7557557 3.3934168 -0.2440282 -0.2638308 -0.6026705 0.7385435 -0.1474284 2425829.3724255
19.7339698 3.5065698 -0.2433237 0.6577384 -0.0140927 -0.1453251 0.7389602 2425859.9910443
19.7114980 3.6195924 -0.2426109 0.2377750 -0.6134179 0.6277154 0.4161189 2425890.6096631
19.6883405 3.7324805 -0.2418888 -0.4764060 -0.4537133 0.6240346 -0.4216188 2425921.2282819
19.6645015 3.8452297 -0.2411594 0.6010926 -0.2674062 0.1518129 0.7376547 2425951.8469006
19.6399805 3.9578376 -0.2404211 -0.0179995 -0.6576431 0.7398105 0.1409329 2425982.4655194
19.6147797 4.0702998 -0.2396742 0.6148195 0.2341269 -0.4123828 0.6301762 2426013.0841381
19.5888976 4.1826128 -0.2389193 0.4508753 -0.4790927 0.4253183 0.6215191 2426043.7027569
19.5623369 4.2947719 -0.2381557 -0.2709721 -0.5994936 0.7367399 -0.1561921 2426074.3213757
19.5350983 4.4067724 -0.2373844 0.6575246 -0.0219058 -0.1365358 0.7406346 2426104.9399944
19.5071851 4.5186107 -0.2366037 0.2304706 -0.6161994 0.6326147 0.4086322 2426135.5586132
19.4785972 4.6302838 -0.2358160 -0.4817626 -0.4480214 0.6189816 -0.4290027 2426166.1772320
19.4493358 4.7417887 -0.2350199 0.5978734 -0.2745284 0.1605657 0.7357991 2426196.7958508
19.4194024 4.8531218 -0.2342159 -0.0258112 -0.6573828 0.7414326 0.1321338 2426227.4144695
19.3887959 4.9642794 -0.2334026 0.6175576 0.2268062 -0.4048671 0.6350309 2426258.0330883
19.3575173 5.0752557 -0.2325822 0.4451517 -0.4844155 0.4326721 0.6164223 2426288.6517071
19.3255676 5.1860462 -0.2317536 -0.2780751 -0.5962320 0.7348323 -0.1649337 2426319.2703258
19.2929509 5.2966460 -0.2309169 0.6572179 -0.0297158 -0.1277272 0.7422044 2426349.8889446
19.2596682 5.4070519 -0.2300716 0.2231337 -0.6188940 0.6374247 0.4010877 2426380.5075634
19.2257230 5.5172614 -0.2292188 -0.4870512 -0.4422663 0.6138413 -0.4363261 2426411.1261821
19.1911146 5.6272722 -0.2283589 0.5945697 -0.2816119 0.1692959 0.7338396 2426441.7448009
19.1558453 5.7370808 -0.2274901 -0.0336193 -0.6570298 0.7429500 0.1233161 2426472.3634197
19.1199138 5.8466838 -0.2266140 0.6202085 0.2194534 -0.3972942 0.6397960 2426502.9820384
19.0833212 5.9560766 -0.2257293 0.4393653 -0.4896698 0.4399648 0.6112386 2426533.6006572
19.0460698 6.0652542 -0.2248381 -0.2851389 -0.5928864 0.7328210 -0.1736521 2426564.2192760
19.0081618 6.1742136 -0.2239382 0.6568185 -0.0375216 -0.1189006 0.7436694 2426594.8378948
18.9695984 6.2829512 -0.2230313 0.2157654 -0.6215012 0.6421448 0.3934866 2426625.4565136
18.9303797 6.3914644 -0.2221162 -0.4922711 -0.4364488 0.6086143 -0.4435879 2426656.0751323
18.8905089 6.4997492 -0.2211940 0.5911821 -0.2886557 0.1780021 0.7317765 2426686.6937511
18.8499846 6.6078018 -0.2202638 -0.0414226 -0.6565840 0.7443626 0.1144809 2426717.3123698
18.8088102 6.7156175 -0.2193258 0.6227719 0.2120697 -0.3896652 0.6444708 2426747.9309886
18.7669850 6.8231926 -0.2183810 0.4335169 -0.4948550 0.4471954 0.6059685 2426778.5496074
18.7245144 6.9305231 -0.2174277 -0.2921624 -0.5894570 0.7307062 -0.1823459 2426809.1682261
18.6813998 7.0376067 -0.2164680 0.6563264 -0.0453221 -0.1100572 0.7450295 2426839.7868449
18.6376417 7.1444417 -0.2154997 0.2083665 -0.6240207 0.6467742 0.3858300 2426870.4054637
18.5932405 7.2510247 -0.2145256 -0.4974215 -0.4305697 0.6033014 -0.4507871 2426901.0240825
18.5481965 7.3573527 -0.2135431 0.5877111 -0.2956587 0.1866833 0.7296101 2426931.6427012
18.5025113 7.4634206 -0.2125537 -0.0492201 -0.6560456 0.7456702 0.1056296 2426962.2613200
18.4561842 7.5692240 -0.2115564 0.6252474 0.2046560 -0.3819812 0.6490547 2426992.8799388
18.4092195 7.6747582 -0.2105527 0.4276073 -0.4999704 0.4543629 0.6006130 2427023.4985575
18.3616182 7.7800200 -0.2095418 -0.2991447 -0.5859444 0.7284883 -0.1910140 2427054.1171763
18.3133849 7.8850062 -0.2085232 0.6557416 -0.0531163 -0.1011983 0.7462845 2427084.7357951
18.2645180 7.9897152 -0.2074979 0.2009383 -0.6264521 0.6513123 0.3781189 2427115.3544138
18.2150204 8.0941434 -0.2064647 -0.5025016 -0.4246298 0.5979034 -0.4579227 2427145.9730326
18.1648926 8.1982869 -0.2054260 0.5841571 -0.3026200 0.1953380 0.7273408 2427176.5916514
18.1141357 8.3021424 -0.2043785 -0.0570106 -0.6554145 0.7468724 0.0967634 2427207.2102701
18.0627512 8.4057057 -0.2033249 0.6276346 0.1972135 -0.3742433 0.6535469 2427237.8288889
18.0107412 8.5089738 -0.2022638 0.4216374 -0.5050152 0.4614663 0.5951726 2427268.4475077
17.9581094 8.6119436 -0.2011967 -0.3060847 -0.5823492 0.7261676 -0.1996552 2427299.0661265
17.9048541 8.7146129 -0.2001223 0.6550643 -0.0609029 -0.0923251 0.7474341 2427329.6847452
17.8509772 8.8169781 -0.1990410 0.1934817 -0.6287951 0.6557585 0.3703545 2427360.3033640
17.7964783 8.9190354 -0.1979531 -0.5075109 -0.4186300 0.5924209 -0.4649936 2427390.9219828
17.7413610 9.0207794 -0.1968582 0.5805207 -0.3095386 0.2039653 0.7249688 2427421.5406015
17.6856256 9.1222062 -0.1957567 -0.0647931 -0.6546910 0.7479693 0.0878835 2427452.1592203
17.6292757 9.2233124 -0.1946479 0.6299333 0.1897431 -0.3664526 0.6579469 2427482.7778391
17.5723137 9.3240948 -0.1935336 0.4156079 -0.5099887 0.4685045 0.5896483 2427513.3964578
17.5147429 9.4245519 -0.1924116 -0.3129816 -0.5786717 0.7237444 -0.2082681 2427544.0150766
17.4565627 9.5246815 -0.1912836 0.6542945 -0.0686809 -0.0834389 0.7484782 2427574.6336954
17.3977727 9.6244803 -0.1901483 0.1859978 -0.6310493 0.6601121 0.3625378 2427605.2523141
17.3383753 9.7239440 -0.1890075 -0.5124485 -0.4125711 0.5868549 -0.4719989 2427635.8709329
17.2783710 9.8230687 -0.1878593 0.5768023 -0.3164135 0.2125637 0.7224945 2427666.4895517
17.2177624 9.9218496 -0.1867047 -0.0725664 -0.6538750 0.7489606 0.0789913 2427697.1081705
17.1565507 10.0202840 -0.1855437 0.6321430 0.1822459 -0.3586101 0.6622540 2427727.7267892
17.0947400 10.1183684 -0.1843771 0.4095198 -0.5148902 0.4754766 0.5840407 2427758.3454080
17.0323302 10.2161002 -0.1832040 -0.3198343 -0.5749126 0.7212191 -0.2168517 2427788.9640268
16.9693235 10.3134763 -0.1820236 0.6534324 -0.0764493 -0.0745409 0.7494166 2427819.5826455
16.9057195 10.4104928 -0.1808378 0.1784876 -0.6332145 0.6643726 0.3546699 2427850.2012643
16.8415224 10.5071451 -0.1796452 -0.5173138 -0.4064540 0.5812060 -0.4789376 2427880.8198831
16.7767337 10.6034300 -0.1784472 0.5730025 -0.3232437 0.2211321 0.7199182 2427911.4385018
16.7113549 10.6993450 -0.1772415 -0.0803295 -0.6529667 0.7498462 0.0700878 2427942.0571206
16.6453895 10.7948869 -0.1760309 0.6342636 0.1747231 -0.3507171 0.6664677 2427972.6757394
16.5788381 10.8900542 -0.1748137 0.4033738 -0.5197191 0.4823816 0.5783507 2428003.2943582
16.5117019 10.9848433 -0.1735908 -0.3266418 -0.5710723 0.7185919 -0.2254047 2428033.9129769
16.4439792 11.0792509 -0.1723611 0.6524781 -0.0842068 -0.0656323 0.7502493 2428064.5315957
16.3756737 11.1732719 -0.1711257 0.1709523 -0.6352903 0.6685392 0.3467519 2428095.1502145
16.3067860 11.2669015 -0.1698848 -0.5221061 -0.4002795 0.5754751 -0.4858087 2428125.7688332
16.2373213 11.3601357 -0.1686371 0.5691219 -0.3300283 0.2296693 0.7172403 2428156.3874520
16.1672796 11.4529721 -0.1673843 -0.0880812 -0.6519663 0.7506259 0.0611745 2428187.0060708
16.0966652 11.5454078 -0.1661249 0.6362945 0.1671755 -0.3427745 0.6705872 2428217.6246895
16.0254800 11.6374404 -0.1648611 0.3971710 -0.5244746 0.4892185 0.5725791 2428248.2433083
15.9537235 11.7290676 -0.1635897 -0.3334032 -0.5671514 0.7158633 -0.2339258 2428278.8619271
15.8813978 11.8202846 -0.1623133 0.6514316 -0.0919525 -0.0567146 0.7509761 2428309.4805458
15.8085034 11.9110882 -0.1610310 0.1633928 -0.6372764 0.6726116 0.3387850 2428340.0991646
15.7350449 12.0014738 -0.1597433 -0.5268246 -0.3940485 0.5696629 -0.4926112 2428370.7177834
15.6610222 12.0914388 -0.1584493 0.5651609 -0.3367664 0.2381741 0.7144611 2428401.3364022
15.5864393 12.1809801 -0.1571494 -0.0958205 -0.6508739 0.7512997 0.0522526 2428431.9550209
15.5112957 12.2700950 -0.1558451 0.6382357 0.1596044 -0.3347836 0.6746122 2428462.5736397
15.4355946 12.3587793 -0.1545346 0.3909120 -0.5291561 0.4959864 0.5667266 2428493.1922585
15.3593355 12.4470295 -0.1532187 -0.3401176 -0.5631504 0.7130337 -0.2424140 2428523.8108772
15.2825214 12.5348406 -0.1518961 0.6502932 -0.0996852 -0.0477888 0.7515969 2428554.4294960
15.2051561 12.6222081 -0.1505699 0.1558103 -0.6391726 0.6765889 0.3307703 2428585.0481147
15.1272423 12.7091295 -0.1492373 -0.5314689 -0.3877618 0.5637704 -0.4993442 2428615.6667335
15.0487828 12.7956023 -0.1478995 0.5611201 -0.3434569 0.2466453 0.7115811 2428646.2853523
14.9697785 12.8816247 -0.1465559 -0.1035463 -0.6496896 0.7518675 0.0433233 2428676.9039711
14.8902323 12.9671934 -0.1452077 0.6400868 0.1520107 -0.3267454 0.6785419 2428707.5225898
14.8101431 13.0523050 -0.1438540 0.3845979 -0.5337629 0.5026843 0.5607942 2428738.1412086
14.7295133 13.1369549 -0.1424943 -0.3467840 -0.5590700 0.7101034 -0.2508679 2428768.7598274
14.6483436 13.2211387 -0.1411298 0.6490630 -0.1074038 -0.0388562 0.7521116 2428799.3784462
14.5666390 13.3048515 -0.1397601 0.1482057 -0.6409785 0.6804708 0.3227089 2428829.9970649
14.4844017 13.3880902 -0.1383855 0.5360381 0.3814205 -0.5577982 0.5060066 2428860.6156837
14.4016344 13.4708523 -0.1370049 0.5570002 -0.3500989 0.2550816 0.7086007 2428891.2343025
14.3183384 13.5531342 -0.1356204 -0.1112575 -0.6484136 0.7523291 0.0343878 2428921.8529212
14.2345164 13.6349328 -0.1342303 0.6418476 0.1443956 -0.3186611 0.6823758 2428952.4715400
14.1501706 13.7162438 -0.1328355 0.3782296 -0.5382943 0.5093112 0.5547826 2428983.0901587
14.0653023 13.7970633 -0.1314346 -0.3534014 -0.5549107 0.7070730 -0.2592864 2429013.7087775
13.9799161 13.8773872 -0.1300300 0.6477412 -0.1151073 -0.0299182 0.7525201 2429044.3273963
13.8940134 13.9572128 -0.1286204 0.1405803 -0.6426940 0.6842567 0.3146020 2429074.9460151
13.8075986 14.0365371 -0.1272056 0.5405316 0.3750253 -0.5517474 0.5125977 2429105.5646338
13.7206714 14.1153578 -0.1257857 0.5528016 -0.3566915 0.2634820 0.7055203 2429136.1832526
13.6332347 14.1936707 -0.1243613 -0.1189530 -0.6470460 0.7526845 0.0254475 2429166.8018714
13.5452887 14.2714712 -0.1229329 0.6435177 0.1367601 -0.3105318 0.6861134 2429197.4204902
13.4568374 14.3487546 -0.1214983 0.3718078 -0.5427498 0.5158662 0.5486927 2429228.0391089
13.3678829 14.4255159 -0.1200598 -0.3599690 -0.5506730 0.7039427 -0.2676683 2429258.6577277
13.2784305 14.5017515 -0.1186161 0.6463280 -0.1227945 -0.0209760 0.7528224 2429289.2763464
13.1884843 14.5774584 -0.1171694 0.1329350 -0.6443188 0.6879459 0.3064506 2429319.8949652
13.0980456 14.6526349 -0.1157167 0.5449489 0.3685772 -0.5456186 0.5191165 2429350.5135840
13.0071181 14.7272776 -0.1142601 0.5485250 -0.3632337 0.2718452 0.7023402 2429381.1322027
12.9157017 14.8013837 -0.1127991 -0.1266317 -0.6455872 0.7529337 0.0165036 2429411.7508215
12.8238011 14.8749479 -0.1113338 0.6450971 0.1291053 -0.3023586 0.6897542 2429442.3694403
12.7314170 14.9479666 -0.1098640 0.3653335 -0.5471287 0.5223484 0.5425253 2429472.9880591
12.6385544 15.0204354 -0.1083894 -0.3664857 -0.5463576 0.7007130 -0.2760124 2429503.6066779
12.5452152 15.0923508 -0.1069117 0.6448236 -0.1304644 -0.0120307 0.7530185 2429534.2252966
12.4514049 15.1637100 -0.1054287 0.1252709 -0.6458526 0.6915381 0.2982560 2429564.8439154
12.3571246 15.2345097 -0.1039424 0.5492892 0.3620770 -0.5394129 0.5255619 2429595.4625342
12.2623767 15.3047460 -0.1024508 0.5441710 -0.3697247 0.2801700 0.6990611 2429626.0811529
12.1671649 15.3744142 -0.1009569 -0.1342925 -0.6440372 0.7530767 0.0075574 2429656.6997717
12.0714922 15.4435106 -0.0994575 0.6465854 0.1214322 -0.2941428 0.6932976 2429687.3183904
11.9753650 15.5120306 -0.0979544 0.3588077 -0.5514303 0.5287569 0.5362814 2429717.9370092
11.8787850 15.5799723 -0.0964477 -0.3729507 -0.5419651 0.6973845 -0.2843176 2429748.5556280
11.7817582 15.6473331 -0.0949376 0.6432281 -0.1381158 -0.0030838 0.7531083 2429779.1742468
11.6842857 15.7141108 -0.0934240 0.1175892 -0.6472953 0.6950327 0.2900193 2429809.7928655
11.5863713 15.7803024 -0.0919054 0.5535520 0.3555258 -0.5331310 0.5319332 2429840.4114843
11.4880155 15.8459038 -0.0903842 0.5397401 -0.3761635 0.2884552 0.6956832 2429871.0301031
11.3892228 15.9109102 -0.0888590 -0.1419343 -0.6423963 0.7531133 -0.0013899 2429901.6487219
11.2899974 15.9753173 -0.0873309 0.6479824 0.1137420 -0.2858855 0.6967432 2429932.2673406
11.1903434 16.0391217 -0.0857979 0.3522313 -0.5556541 0.5350907 0.5299618 2429962.8859594
11.0902661 16.1023201 -0.0842627 -0.3793631 -0.5374961 0.6939575 -0.2925827 2429993.5045781
10.9897690 16.1649109 -0.0827238 0.6415419 -0.1457478 0.0058635 0.7530918 2430024.1231969
10.8888569 16.2268911 -0.0811819 0.1098909 -0.6486466 0.6984291 0.2817417 2430054.7418157
10.7875308 16.2882582 -0.0796362 0.5577367 0.3489243 -0.5267739 0.5382294 2430085.3604344
10.6857957 16.3490085 -0.0780875 0.5352331 -0.3825492 0.2966998 0.6922072 2430115.9790532
10.5836544 16.4091384 -0.0765362 -0.1495561 -0.6406648 0.7530437 -0.0103369 2430146.5976720
10.4811139 16.4686446 -0.0749812 0.6492879 0.1060358 -0.2775879 0.7000904 2430177.2162908
10.3781761 16.5275253 -0.0734238 0.3456051 -0.5597995 0.5413490 0.5235674 2430207.8349095
10.2748455 16.5857781 -0.0718632 -0.3857219 -0.5329512 0.6904325 -0.3008064 2430238.4535283
10.1711254 16.6434006 -0.0703007 0.6397651 -0.1533592 0.0148100 0.7529690 2430269.0721471
10.0670195 16.7003897 -0.0687340 0.1021770 -0.6499063 0.7017270 0.2734243 2430299.6907659
9.9625303 16.7567412 -0.0671655 0.5618426 0.3422737 -0.5203424 0.5444496 2430330.3093846
9.8576620 16.8124516 -0.0655938 0.5306506 -0.3888809 0.3049024 0.6886335 2430360.9280034
9.7524216 16.8675171 -0.0640203 -0.1571569 -0.6388428 0.7528677 -0.0192826 2430391.5466221
9.6468133 16.9219360 -0.0624433 0.6505018 0.0983146 -0.2692510 0.7033388 2430422.1652409
9.5408431 16.9757067 -0.0608642 0.3389301 -0.5638659 0.5475310 0.5170991 2430452.7838597
9.4345126 17.0288286 -0.0592833 -0.3920263 -0.5283312 0.6868102 -0.3089877 2430483.4024784
9.3278274 17.0812990 -0.0576999 0.6378980 -0.1609490 0.0237544 0.7527399 2430514.0210972
9.2207889 17.1331158 -0.0561142 0.0944488 -0.6510744 0.7049258 0.2650683 2430544.6397160
9.1134013 17.1842755 -0.0545256 0.5658693 0.3355747 -0.5138375 0.5505930 2430575.2583348
9.0056683 17.2347744 -0.0529363 0.5259931 -0.3951578 0.3130621 0.6849626 2430605.8769535
8.8975967 17.2846102 -0.0513440 -0.1647354 -0.6369307 0.7525855 -0.0282255 2430636.4955723
8.7891902 17.3337808 -0.0497507 0.6516239 0.0905796 -0.2608762 0.7064880 2430667.1141911
8.6804523 17.3822848 -0.0481542 0.3322073 -0.5678527 0.5536356 0.5105578 2430697.7328098
8.5713884 17.4301200 -0.0465573 -0.3982753 -0.5236365 0.6830908 -0.3171254 2430728.3514286
8.4620009 17.4772841 -0.0449578 0.6359408 -0.1685160 0.0326955 0.7524045 2430758.9700474
8.3522962 17.5237739 -0.0433566 0.0867072 -0.6521505 0.7080252 0.2566749 2430789.5886661
8.2422754 17.5695876 -0.0417539 0.5698161 0.3288283 -0.5072600 0.5566587 2430820.2072849
8.1319471 17.6147224 -0.0401494 0.5212614 -0.4013788 0.3211775 0.6811950 2430850.8259037
8.0213150 17.6591774 -0.0385442 -0.1722907 -0.6349286 0.7521971 -0.0371644 2430881.4445224
7.9103838 17.7029521 -0.0369364 0.6526541 0.0828317 -0.2524645 0.7095374 2430912.0631412
7.7991548 17.7460450 -0.0353287 0.3254377 -0.5717593 0.5596621 0.5039444 2430942.6817600
7.6876328 17.7884540 -0.0337187 -0.4044681 -0.5188679 0.6792751 -0.3252183 2430973.3003788
7.5758216 17.8301759 -0.0321085 0.6338940 -0.1760592 0.0416320 0.7519630 2431003.9189975
7.4637240 17.8712076 -0.0304957 0.0789533 -0.6531346 0.7110245 0.2482452 2431034.5376163
7.3513466 17.9115461 -0.0288831 0.5736824 0.3220355 -0.5006110 0.5626458 2431065.1562351
7.2386937 17.9511902 -0.0272692 0.5164561 -0.4075432 0.3292476 0.6773312 2431095.7748538
7.1257733 17.9901379 -0.0256543 -0.1798216 -0.6328369 0.7517024 -0.0460981 2431126.3934726
7.0125865 18.0283897 -0.0240385 0.6535921 0.0750722 -0.2440172 0.7124866 2431157.0120914
6.8991386 18.0659442 -0.0224216 -0.3186220 0.5755853 -0.5656096 -0.4972599 2431187.6307101
6.7854325 18.1027992 -0.0208050 -0.4106039 -0.5140261 0.6753635 -0.3332653 2431218.2493289
6.6714732 18.1389528 -0.0191865 0.6317576 -0.1835776 0.0505625 0.7514154 2431248.8679477
6.5572636 18.1744028 -0.0175679 0.0711883 -0.6540265 0.7139236 0.2397805 2431279.4865665
6.4428094 18.2091474 -0.0159482 0.5774678 0.3151973 -0.4938913 0.5685534 2431310.1051852
6.3281162 18.2431854 -0.0143295 0.5115780 -0.4136501 0.3372713 0.6733719 2431340.7238040
6.2131868 18.2765162 -0.0127094 -0.1873272 -0.6306559 0.7511017 -0.0550252 2431371.3424228
6.0980253 18.3091380 -0.0110893 0.6544378 0.0673020 -0.2355354 0.7153353 2431401.9610415
5.9826343 18.3410494 -0.0094686 -0.3117615 0.5793300 -0.5714772 -0.4905052 2431432.5796603
5.8670203 18.3722467 -0.0078482 -0.4166817 -0.5091118 0.6713565 -0.3412653 2431463.1982791
5.7511865 18.4027281 -0.0062276 0.6295321 -0.1910701 0.0594860 0.7507616 2431493.8168978
5.6351394 18.4324924 -0.0046063 0.0634133 -0.6548260 0.7167219 0.2312820 2431524.4355166
5.5188833 18.4615387 -0.0029858 0.5811717 0.3083146 -0.4871019 0.5743809 2431555.0541354
5.4024250 18.4898669 -0.0013649 0.5066276 -0.4196986 0.3452473 0.6693175 2431585.6727541
5.2857662 18.5174771 0.0002555 -0.1948063 -0.6283859 0.7503950 -0.0639446 2431616.2913729
5.1689096 18.5443680 0.0018765 0.6551912 0.0595224 -0.2270204 0.7180831 2431646.9099917
5.0518591 18.5705374 0.0034962 -0.3048569 0.5829929 -0.5772642 -0.4836813 2431677.5286105
4.9346194 18.5959829 0.0051164 -0.4227006 -0.5041255 0.6672548 -0.3492171 2431708.1472292
4.8171952 18.6207019 0.0067358 0.6272177 -0.1985357 0.0684010 0.7500019 2431738.7658480
4.6995907 18.6446937 0.0083553 0.0556293 -0.6555332 0.7194190 0.2227509 2431769.3844668
4.5818127 18.6679570 0.0099732 0.5847935 0.3013884 -0.4802437 0.5801272 2431800.0030855
4.4638644 18.6904914 0.0115908 0.5016057 -0.4256878 0.3531746 0.6651686 2431830.6217043
4.3457512 18.7122961 0.0132083 -0.2022580 -0.6260272 0.7495824 -0.0728550 2431861.2403231
4.2274744 18.7333701 0.0148247 0.6558521 0.0517343 -0.2184734 0.7207295 2431891.8589418
4.1090410 18.7537109 0.0164405 -0.2979092 0.5865735 -0.5829698 -0.4767891 2431922.4775606
3.9904548 18.7733175 0.0180547 -0.4286600 -0.4990682 0.6630590 -0.3571196 2431953.0961794
3.8717209 18.7921893 0.0196695 0.6248147 -0.2059732 0.0773064 0.7491364 2431983.7147981
3.7528438 18.8103258 0.0212823 0.0478375 -0.6561478 0.7220145 0.2141883 2432014.3334169
3.6338281 18.8277271 0.0228946 0.5883328 0.2944196 -0.4733177 0.5857917 2432044.9520357
3.5146770 18.8443922 0.0245047 0.4965130 -0.4316170 0.3610520 0.6609259 2432075.5706545
3.3953923 18.8603200 0.0261150 -0.2096811 -0.6235802 0.7486639 -0.0817551 2432106.1892732
3.2759799 18.8755078 0.0277237 0.6564204 0.0439390 -0.2098955 0.7232741 2432136.8078920
3.1564429 18.8899535 0.0293308 -0.2909196 0.5900714 -0.5885930 -0.4698296 2432167.4265108
3.0367900 18.9036553 0.0309368 -0.4345588 -0.4939404 0.6587695 -0.3649717 2432198.0451295
2.9170234 18.9166135 0.0325410 0.6223236 -0.2133816 0.0862009 0.7481651 2432228.6637483
2.7971500 18.9288280 0.0341446 0.0400389 -0.6566698 0.7245082 0.2055954 2432259.2823670
2.6771737 18.9402991 0.0357451 0.5917891 0.2874093 -0.4663250 0.5913735 2432289.9009858
2.5570978 18.9510266 0.0373455 0.4913503 -0.4374852 0.3688785 0.6565899 2432320.5196046
2.4369252 18.9610090 0.0389435 -0.2170746 -0.6210451 0.7476398 -0.0906437 2432351.1382234
2.3166597 18.9702449 0.0405406 0.6568961 0.0361374 -0.2012880 0.7257167 2432381.7568421
2.1963076 18.9787325 0.0421349 0.2838888 -0.5934859 0.5941332 0.4628038 2432412.3754609
2.0758723 18.9864712 0.0437283 -0.4403962 -0.4887428 0.6543870 -0.3727723 2432442.9940797
1.9553604 18.9934607 0.0453197 0.6197447 -0.2207599 0.0950832 0.7470882 2432473.6126985
1.8347734 18.9997011 0.0469088 0.0322347 -0.6570992 0.7268996 0.1969736 2432504.2313172
1.7141178 19.0051909 0.0484957 0.5951618 0.2803584 -0.4592664 0.5968718 2432534.8499360
1.5933954 19.0099293 0.0500805 0.4861182 -0.4432917 0.3766530 0.6521611 2432565.4685548
1.4726123 19.0139147 0.0516646 -0.2244374 -0.6184224 0.7465102 -0.0995194 2432596.0871735
1.3517731 19.0171454 0.0532449 0.6572791 0.0283308 -0.1926521 0.7280568 2432626.7057923
1.2308840 19.0196215 0.0548235 0.2768180 -0.5968167 0.5995895 0.4557127 2432657.3244110
1.1099496 19.0213435 0.0563993 -0.4461715 -0.4834763 0.6499122 -0.3805203 2432687.9430298
0.9889736 19.0223121 0.0579739 0.6170783 -0.2281070 0.1039521 0.7459059 2432718.5616486
0.8679604 19.0225273 0.0595451 0.0244259 -0.6574358 0.7291884 0.1883239 2432749.1802674
0.7469119 19.0219882 0.0611140 0.5984505 0.2732679 -0.4521430 0.6022859 2432779.7988862
0.6258328 19.0206928 0.0626806 0.4808174 -0.4490356 0.3843742 0.6476404 2432810.4175049
0.5047259 19.0186401 0.0642451 -0.2317686 -0.6157124 0.7452752 -0.1083811 2432841.0361237
0.3835987 19.0158278 0.0658067 0.6575693 0.0205201 -0.1839890 0.7302942 2432871.6547425
0.2624557 19.0122558 0.0673649 0.2697082 -0.6000633 0.6049611 0.4485573 2432902.2733612
0.1413028 19.0079246 0.0689213 -0.4518839 -0.4781416 0.6453457 -0.3882146 2432932.8919800
0.0201427 19.0028344 0.0704742 0.6143247 -0.2354220 0.1128063 0.7446182 2432963.5105987
-0.1010195 18.9969851 0.0720247 0.0166137 -0.6576795 0.7313743 0.1796477 2432994.1292175
-0.2221800 18.9903757 0.0735715 0.6016548 0.2661389 -0.4449558 0.6076150 2433024.7478363
-0.3433344 18.9830052 0.0751167 0.4754488 -0.4547162 0.3920412 0.6430282 2433055.3664551
-0.4644778 18.9748728 0.0766578 -0.2390671 -0.6129154 0.7439350 -0.1172275 2433085.9850738
-0.5856057 18.9659786 0.0781961 0.6577666 0.0127066 -0.1753000 0.7324285 2433116.6036926
-0.7067120 18.9563223 0.0797307 0.2625602 -0.6032251 0.6102474 0.4413385 2433147.2223114
-0.8277942 18.9459049 0.0812633 -0.4575324 -0.4727393 0.6406880 -0.3958541 2433177.8409302
-0.9488477 18.9347255 0.0827921 0.6114845 -0.2427037 0.1216446 0.7432255 2433208.4595489
-1.0698707 18.9227827 0.0843169 0.0087991 -0.6578305 0.7334569 0.1709461 2433239.0781677
-1.1908558 18.9100749 0.0858394 0.6047741 0.2589723 -0.4377057 0.6128583 2433269.6967865
-1.3117998 18.8966009 0.0873582 0.4700131 -0.4603326 0.3996529 0.6383253 2433300.3154052
-1.4326952 18.8823601 0.0888743 -0.2463318 -0.6100320 0.7424898 -0.1260574 2433330.9340240
-1.5535368 18.8673531 0.0903849 0.6578712 0.0048913 -0.1665861 0.7344594 2433361.5526427
-1.6743202 18.8515814 0.0918934 0.2553752 -0.6063018 0.6154476 0.4340575 2433392.1712615
-1.7950408 18.8350451 0.0933976 -0.4631164 -0.4672704 0.6359400 -0.4034377 2433422.7898803
-1.9156967 18.8177446 0.0948988 0.6085580 -0.2499512 0.1304658 0.7417279 2433453.4084991
-2.0362821 18.7996780 0.0963952 0.0009833 -0.6578886 0.7354360 0.1622203 2433484.0271178
-2.1567939 18.7808444 0.0978885 0.6078081 0.2517691 -0.4303939 0.6180151 2433514.6457366
-2.2772251 18.7612429 0.0993783 0.4645111 -0.4658839 0.4072082 0.6335322 2433545.2643554
-2.3975731 18.7408735 0.1008634 -0.2535618 -0.6070625 0.7409398 -0.1348695 2433575.8829742
-2.5178293 18.7197359 0.1023450 0.6578829 -0.0029248 -0.1578488 0.7363867 2433606.5015929
-2.6379912 18.6978309 0.1038219 0.2481542 -0.6092930 0.6205608 0.4267152 2433637.1202117
-2.7580541 18.6751581 0.1052962 -0.4686350 -0.4617354 0.6311022 -0.4109643 2433667.7388304
-2.8780137 18.6517164 0.1067647 0.6055455 -0.2571634 0.1392685 0.7401256 2433698.3574492
-2.9978647 18.6275055 0.1082300 -0.0068327 -0.6578539 0.7373114 0.1534717 2433728.9760680
-3.1175999 18.6025242 0.1096907 0.6107563 0.2445304 -0.4230214 0.6230847 2433759.5946867
-3.2372153 18.5767739 0.1111475 0.4589435 -0.4713696 0.4147060 0.6286498 2433790.2133055
-3.3567045 18.5502552 0.1125990 -0.2607559 -0.6040072 0.7392852 -0.1436625 2433820.8319243
-3.4760644 18.5229691 0.1140460 0.6578017 -0.0107404 -0.1490892 0.7382100 2433851.4505431
-3.5952888 18.4949158 0.1154892 0.2408981 -0.6121981 0.6255865 0.4193126 2433882.0691618
-3.7143767 18.4660949 0.1169277 -0.4740875 -0.4561353 0.6261753 -0.4184330 2433912.6877806
-3.8333214 18.4365044 0.1183614 0.6024476 -0.2643393 0.1480515 0.7384188 2433943.3063994
-3.9521178 18.4061437 0.1197897 -0.0146477 -0.6577263 0.7390826 0.1447014 2433973.9250182
-4.0707587 18.3750125 0.1212148 0.6136183 0.2372572 -0.4155891 0.6280663 2434004.5436369
-4.1892385 18.3431112 0.1226341 0.4533111 -0.4767887 0.4221452 0.6236786 2434035.1622557
-4.3075516 18.3104418 0.1240486 -0.2679133 -0.6008668 0.7375263 -0.1524353 2434065.7808744
-4.4256922 18.2770048 0.1254575 0.6576277 -0.0185545 -0.1403086 0.7399291 2434096.3994932
-4.5436569 18.2428011 0.1268625 0.2336080 -0.6150168 0.6305239 0.4118509 2434127.0181120
-4.6614407 18.2078307 0.1282620 -0.4794730 -0.4504709 0.6211600 -0.4258426 2434157.6367307
-4.7790391 18.1720932 0.1296562 0.5992647 -0.2714778 0.1568137 0.7366078 2434188.2553495
-4.8964438 18.1355883 0.1310449 -0.0224606 -0.6575058 0.7407495 0.1359107 2434218.8739683
-5.0136511 18.0983177 0.1324286 0.6163937 0.2299506 -0.4080982 0.6329593 2434249.4925871
-5.1306550 18.0602821 0.1338070 0.4476147 -0.4821405 0.4295249 0.6186194 2434280.1112059
-5.2474513 18.0214826 0.1351791 -0.2750328 -0.5976415 0.7356633 -0.1611865 2434310.7298246
-5.3640335 17.9819196 0.1365467 0.6573608 -0.0263660 -0.1315081 0.7415438 2434341.3484434
-5.4803984 17.9415925 0.1379082 0.2262850 -0.6177487 0.6353723 0.4043311 2434371.9670621
-5.5965400 17.9005015 0.1392647 -0.4847909 -0.4447428 0.6160570 -0.4331921 2434402.5856809
-5.7124509 17.8586467 0.1406144 0.5959972 -0.2785781 0.1655537 0.7346928 2434433.2042997
-5.8281243 17.8160293 0.1419595 -0.0302704 -0.6571926 0.7423119 0.1271008 2434463.8229184
-5.9435537 17.7726517 0.1432982 0.6190820 0.2226114 -0.4005497 0.6377629 2434494.4415372
-6.0587363 17.7285169 0.1446310 0.4418552 -0.4874242 0.4368439 0.6134729 2434525.0601560
-6.1736653 17.6836254 0.1459571 -0.2821136 -0.5943318 0.7336964 -0.1699150 2434555.6787748
-6.2883378 17.6379788 0.1472778 0.6570012 -0.0341737 -0.1226891 0.7430538 2434586.2973935
-6.4027476 17.5915769 0.1485929 0.2189300 -0.6203935 0.6401310 0.3967541 2434616.9160123
-6.5168913 17.5444198 0.1499007 -0.4900404 -0.4389520 0.6108671 -0.4404804 2434647.5346311
-6.6307596 17.4965083 0.1512028 0.5926455 -0.2856390 0.1742704 0.7326742 2434678.1532499
-6.7443476 17.4478441 0.1524976 -0.0380759 -0.6567866 0.7437695 0.1182730 2434708.7718686
-6.8576496 17.3984295 0.1537877 0.6216830 0.2152408 -0.3929446 0.6424766 2434739.3904874
-6.9706599 17.3482663 0.1550695 0.4360333 -0.4926392 0.4441013 0.6082398 2434770.0091061
-7.0833744 17.2973562 0.1563457 -0.2891545 -0.5909383 0.7316260 -0.1786196 2434800.6277249
-7.1957859 17.2456999 0.1576149 0.6565488 -0.0419767 -0.1138528 0.7444590 2434831.2463437
-7.3078916 17.1932995 0.1588781 0.2115441 -0.6229506 0.6447994 0.3891212 2434861.8649624
-7.4196831 17.1401558 0.1601342 -0.4952206 -0.4330992 0.6055910 -0.4477066 2434892.4835812
-7.5311552 17.0862715 0.1613830 0.5892102 -0.2926597 0.1829624 0.7305521 2434923.1022000
-7.6423013 17.0316497 0.1626254 -0.0458760 -0.6562879 0.7451221 0.1094285 2434953.7208188
-7.7531199 16.9762929 0.1638601 0.6241963 0.2078399 -0.3852841 0.6470995 2434984.3394375
-7.8636045 16.9202028 0.1650887 0.4301498 -0.4977846 0.4512960 0.6029208 2435014.9580563
-7.9737507 16.8633800 0.1663089 -0.2961546 -0.5874614 0.7294524 -0.1872989 2435045.5766751
-8.0835535 16.8058255 0.1675235 0.6560038 -0.0497737 -0.1050004 0.7457590 2435076.1952938
-8.1930063 16.7475401 0.1687295 0.2041284 -0.6254199 0.6493768 0.3814334 2435106.8139126
-8.3021035 16.6885267 0.1699288 -0.5003310 -0.4271853 0.6002294 -0.4548696 2435137.4325314
-8.4108361 16.6287876 0.1711204 0.5856918 -0.2996390 0.1916287 0.7283269 2435168.0511501
-8.5192014 16.5683274 0.1723049 -0.0536696 -0.6556966 0.7463696 0.1005685 2435198.6697689
-8.6271940 16.5071487 0.1734819 0.6266214 0.2004096 -0.3775692 0.6516311 2435229.2883877
-8.7348110 16.4452538 0.1746507 0.4242057 -0.5028598 0.4584270 0.5975167 2435259.9070064
-8.8420455 16.3826443 0.1758127 -0.3031129 -0.5839015 0.7271757 -0.1959517 2435290.5256252
-8.9488944 16.3193223 0.1769667 0.6553662 -0.0575636 -0.0961331 0.7469538 2435321.1442440
-9.0553509 16.2552895 0.1781135 0.1966838 -0.6278008 0.6538625 0.3736917 2435351.7628628
-9.1614096 16.1905490 0.1792511 -0.5053708 -0.4212111 0.5947830 -0.4619683 2435382.3814815
-9.2670652 16.1251042 0.1803817 0.5820907 -0.3065760 0.2002679 0.7259989 2435413.0001003
-9.3723134 16.0589576 0.1815038 -0.0614557 -0.6550127 0.7475117 0.0916944 2435443.6187191
-9.4771506 15.9921121 0.1826188 0.6289581 0.1929510 -0.3698010 0.6560708 2435474.2373378
-9.5815704 15.9245688 0.1837248 0.4182016 -0.5078640 0.4654933 0.5920283 2435504.8559566
-9.6855679 15.8563299 0.1848230 -0.3100284 -0.5802593 0.7247964 -0.2045769 2435535.4745754
-9.7891367 15.7873985 0.1859131 0.6546361 -0.0653455 -0.0872523 0.7480432 2435566.0931941
-9.8922725 15.7177785 0.1869952 0.1892115 -0.6300932 0.6582559 0.3658972 2435596.7118129
-9.9949675 15.6474734 0.1880687 -0.5103392 -0.4151774 0.5892527 -0.4690019 2435627.3304317
-10.0972199 15.5764879 0.1891335 0.5784074 -0.3134698 0.2088788 0.7235684 2435657.9490504
-10.1990257 15.5048248 0.1901908 -0.0692330 -0.6542363 0.7485483 0.0828073 2435688.5676692
-10.3003821 15.4324864 0.1912388 0.6312060 0.1854652 -0.3619806 0.6604178 2435719.1862880
-10.4012828 15.3594744 0.1922792 0.4121385 -0.5127965 0.4724939 0.5864564 2435749.8049068
-10.5017230 15.2857902 0.1933099 -0.3169001 -0.5765351 0.7223149 -0.2131733 2435780.4235255
-10.6016976 15.2114377 0.1943333 0.6538135 -0.0731181 -0.0783592 0.7490270 2435811.0421443
-10.7012000 15.1364200 0.1953467 0.1817125 -0.6322966 0.6625564 0.3580512 2435841.6607631
-10.8002263 15.0607415 0.1963518 -0.5152356 -0.4090851 0.5836393 -0.4759693 2435872.2793818
-10.8987704 14.9844057 0.1973479 0.5746425 -0.3203193 0.2174602 0.7210358 2435902.8980006
-10.9968312 14.9074165 0.1983358 -0.0770007 -0.6533677 0.7494792 0.0739085 2435933.5166194
-11.0944020 14.8297758 0.1993146 0.6333649 0.1779533 -0.3541091 0.6646716 2435964.1352381
-11.1914795 14.7514871 0.2002838 0.4060173 -0.5176566 0.4794279 0.5808016 2435994.7538569
-11.2880570 14.6725538 0.2012450 -0.3237271 -0.5727296 0.7197313 -0.2217395 2436025.3724757
-11.3841314 14.5929797 0.2021967 0.6528987 -0.0808805 -0.0694551 0.7499051 2436055.9910945
-11.4796972 14.5127695 0.2031401 0.1741878 -0.6344108 0.6667634 0.3501546 2436086.6097132
-11.5747515 14.4319264 0.2040725 -0.5200593 -0.4029351 0.5779435 -0.4828695 2436117.2283320
-11.6692915 14.3504538 0.2049975 0.5707964 -0.3271236 0.2260110 0.7184014 2436147.8469508
-11.7633119 14.2683539 0.2059128 -0.0847574 -0.6524068 0.7503044 0.0649992 2436178.4655695
-11.8568095 14.1856291 0.2068190 0.6354343 0.1704162 -0.3461877 0.6688316 2436209.0841883
-11.9497758 14.1022820 0.2077153 0.3998388 -0.5224437 0.4862941 0.5750649 2436239.7028071
-12.0422081 14.0183179 0.2086023 -0.3305085 -0.5688432 0.7170462 -0.2302745 2436270.3214258
-12.1341002 13.9337412 0.2094807 0.6518918 -0.0886314 -0.0605411 0.7506773 2436300.9400446
-12.2254492 13.8485570 0.2103486 0.1666385 -0.6364354 0.6708762 0.3422085 2436331.5586634
-12.3162507 13.7627694 0.2112076 -0.5248096 -0.3967283 0.5721661 -0.4897015 2436362.1772821
-12.4065034 13.6763817 0.2120567 0.5668698 -0.3338817 0.2345298 0.7156657 2436392.7959009
-12.4962030 13.5893968 0.2128975 -0.0925022 -0.6513538 0.7510237 0.0560808 2436423.4145197
-12.5853450 13.5018174 0.2137272 0.6374140 0.1628550 -0.3382173 0.6728972 2436454.0331385
-12.6739247 13.4136472 0.2145483 0.3936038 -0.5271570 0.4930917 0.5692470 2436484.6517572
-12.7619363 13.3248903 0.2153593 -0.3372431 -0.5648765 0.7142599 -0.2387769 2436515.2703760
-12.8493785 13.2355518 0.2161610 0.6507928 -0.0963697 -0.0516186 0.7513435 2436545.8889948
-12.9362456 13.1456348 0.2169522 0.1590657 -0.6383702 0.6748944 0.3342142 2436576.5076135
-13.0225354 13.0551435 0.2177337 -0.5294858 -0.3904654 0.5663079 -0.4964645 2436607.1262323
-13.1082427 12.9640809 0.2185064 0.5628632 -0.3405927 0.2430156 0.7128289 2436637.7448510
-13.1933645 12.8724505 0.2192686 -0.1002339 -0.6502089 0.7516369 0.0471545 2436668.3634698
-13.2778945 12.7802565 0.2200207 0.6393038 0.1552709 -0.3301993 0.6768678 2436698.9820886
-13.3618295 12.6875041 0.2207624 0.3873132 -0.5317959 0.4998197 0.5633488 2436729.6007074
-13.4451654 12.5941986 0.2214955 -0.3439302 -0.5608301 0.7113727 -0.2472457 2436760.2193261
-13.5279002 12.5003445 0.2222177 0.6496020 -0.1040945 -0.0426888 0.7519038 2436790.8379449
-13.6100317 12.4059456 0.2229302 0.1514705 -0.6402149 0.6788173 0.3261727 2436821.4565637
-13.6915560 12.3110044 0.2236320 0.5340872 0.3841474 -0.5603698 0.5031573 2436852.0751825
-13.7724707 12.2155246 0.2243252 0.5587772 -0.3472556 0.2514670 0.7098915 2436882.6938012
-13.8527701 12.1195086 0.2250077 -0.1079515 -0.6489722 0.7521441 0.0382215 2436913.3124200
-13.9324500 12.0229611 0.2256796 0.6411033 0.1476648 -0.3221346 0.6807429 2436943.9310388
-14.0115048 11.9258873 0.2263415 0.3809680 -0.5363597 0.5064772 0.5573710 2436974.5496575
-14.0899336 11.8282927 0.2269935 -0.3505688 -0.5567045 0.7083852 -0.2556795 2437005.1682763
-14.1677319 11.7301816 0.2276354 0.6483195 -0.1118046 -0.0337530 0.7523579 2437035.7868950
-14.2448982 11.6315582 0.2282661 0.1438539 -0.6419692 0.6826445 0.3180851 2437066.4055138
-14.3214283 11.5324260 0.2288878 0.5386133 0.3777752 -0.5543526 0.5097791 2437097.0241326
-14.3973195 11.4327886 0.2294985 0.5546123 -0.3538695 0.2598830 0.7068539 2437127.6427514
-14.4725682 11.3326509 0.2300996 -0.1156538 -0.6476439 0.7525451 0.0292832 2437158.2613702
-14.5471698 11.2320168 0.2306889 0.6428124 0.1400379 -0.3140245 0.6845219 2437188.8799889
-14.6211224 11.1308921 0.2312694 0.3745690 -0.5408479 0.5130631 0.5513146 2437219.4986077
-14.6944228 11.0292806 0.2318392 -0.3571578 -0.5525004 0.7052977 -0.2640773 2437250.1172265
-14.7670710 10.9271858 0.2323982 0.6469454 -0.1194989 -0.0248124 0.7527058 2437280.7358452
-14.8390603 10.8246108 0.2329470 0.1362170 -0.6436329 0.6863752 0.3099527 2437311.3544640
-14.9103893 10.7215595 0.2334856 0.5430634 0.3713497 -0.5482572 0.5163290 2437341.9730827
-14.9810521 10.6180358 0.2340146 0.5503690 -0.3604335 0.2682622 0.7037165 2437372.5917015
-15.0510460 10.5140455 0.2345313 -0.1233398 -0.6462242 0.7528399 0.0203407 2437403.2103203
-15.1203669 10.4095943 0.2350385 0.6444307 0.1323913 -0.3058700 0.6882043 2437433.8289390
-15.1890133 10.3046872 0.2355347 0.3681172 -0.5452597 0.5195767 0.5451804 2437464.4475578
-15.2569841 10.1993293 0.2360217 -0.3636965 -0.5482183 0.7021106 -0.2724377 2437495.0661766
-15.3242767 10.0935231 0.2364964 0.6454801 -0.1271764 -0.0158683 0.7529474 2437525.6847954
-15.3908889 9.9872723 0.2369616 0.1285608 -0.6452058 0.6900091 0.3017765 2437556.3034142
-15.4568155 9.8805803 0.2374163 0.5474368 0.3648717 -0.5420844 0.5228060 2437586.9220329
-15.5220559 9.7734519 0.2378605 0.5460482 -0.3669466 0.2766036 0.7004799 2437617.5406517
-15.5866034 9.6658913 0.2382939 -0.1310084 -0.6447133 0.7530284 0.0113953 2437648.1592705
-15.6504574 9.5579042 0.2387161 0.6459581 0.1247259 -0.2976724 0.6917895 2437678.7778892
-15.7136147 9.4494949 0.2391292 0.3616134 -0.5495945 0.5260169 0.5389692 2437709.3965080
-15.7760742 9.3406675 0.2395305 -0.3701838 -0.5438588 0.6988244 -0.2807598 2437740.0151267
-15.8378322 9.2314259 0.2399218 0.6439237 -0.1348359 -0.0069219 0.7530828 2437770.6337455
-15.8988849 9.1217738 0.2403019 0.1208866 -0.6466876 0.6935456 0.2935577 2437801.2523643
-15.9592296 9.0117165 0.2406724 0.5517329 0.3583423 -0.5358350 0.5292092 2437831.8709831
-16.0188635 8.9012592 0.2410309 0.5416502 -0.3734079 0.2849060 0.6971443 2437862.4896018
-16.0777851 8.7904072 0.2413791 -0.1386586 -0.6431113 0.7531106 0.0024483 2437893.1082206
-16.1359907 8.6791648 0.2417168 0.6473943 0.1170430 -0.2894327 0.6952771 2437923.7268394
-16.1934814 8.5675363 0.2420441 0.3550585 -0.5538518 0.5323829 0.5326820 2437954.3454582
-16.2502534 8.4555241 0.2423605 -0.3766188 -0.5394225 0.6954396 -0.2890422 2437984.9640769
-16.3063043 8.3431318 0.2426655 0.6422763 -0.1424764 0.0020254 0.7531119 2438015.5826957
-16.3616284 8.2303635 0.2429610 0.1131952 -0.6480781 0.6969842 0.2852975 2438046.2013144
-16.4162235 8.1172242 0.2432453 0.5559512 0.3517623 -0.5295101 0.5355377 2438076.8199332
-16.4700861 8.0037201 0.2435189 0.5371758 -0.3798165 0.2931681 0.6937103 2438107.4385520
-16.5232145 7.8898566 0.2437807 -0.1462891 -0.6414187 0.7530866 -0.0064990 2438138.0571707
-16.5756067 7.7756384 0.2440332 0.6487391 0.1093435 -0.2811522 0.6986666 2438168.6757895
-16.6272614 7.6610698 0.2442744 0.3484536 -0.5580309 0.5386737 0.5263195 2438199.2944083
-16.6781770 7.5461545 0.2445051 -0.3830007 -0.5349101 0.6919566 -0.2972838 2438229.9130271
-16.7283484 7.4308959 0.2447240 0.6405384 -0.1500967 0.0109724 0.7530347 2438260.5316458
-16.7777742 7.3152997 0.2449329 0.1054879 -0.6493772 0.7003244 0.2769970 2438291.1502646
-16.8264509 7.1993706 0.2451309 0.5600910 0.3451326 -0.5231104 0.5417907 2438321.7688834
-16.8743779 7.0831139 0.2453175 0.5326256 -0.3861715 0.3013889 0.6901785 2438352.3875022
-16.9215508 6.9665339 0.2454938 -0.1538990 -0.6396354 0.7529562 -0.0154454 2438383.0061209
-16.9679698 6.8496346 0.2456588 0.6499923 0.1016286 -0.2728320 0.7019575 2438413.6247397
-17.0136311 6.7324199 0.2458138 0.3417994 -0.5621313 0.5448885 0.5198828 2438444.2433584
-17.0585320 6.6148944 0.2459569 -0.3893286 -0.5303222 0.6883760 -0.3054834 2438474.8619772
-17.1026678 6.4970631 0.2460902 0.6387100 -0.1576959 0.0199179 0.7528512 2438505.4805960
-17.1460355 6.3789319 0.2462117 0.0977657 -0.6505846 0.7035658 0.2686574 2438536.0992147
-17.1886353 6.2605079 0.2463230 0.5641517 0.3384542 -0.5166369 0.5479671 2438566.7178335
-17.2304643 6.1417954 0.2464222 0.5280002 -0.3924719 0.3095671 0.6865492 2438597.3364523
-17.2715223 6.0227995 0.2465114 -0.1614872 -0.6377619 0.7527196 -0.0243896 2438627.9550711
-17.3118058 5.9035237 0.2465898 0.6511538 0.0938993 -0.2644733 0.7051492 2438658.5736899
-17.3513153 5.7839719 0.2466566 0.3350970 -0.5661523 0.5510264 0.5133727 2438689.1923086
-17.3900444 5.6641484 0.2467127 -0.3956015 -0.5256595 0.6846982 -0.3136399 2438719.8109274
-17.4279914 5.5440589 0.2467571 0.6367914 -0.1652728 0.0288605 0.7525614 2438750.4295461
-17.4651526 5.4237090 0.2467919 0.0900297 -0.6517001 0.7067078 0.2602799 2438781.0481649
-17.5015271 5.3031051 0.2468143 0.5681328 0.3317281 -0.5100904 0.5540662 2438811.6667837
-17.5371131 5.1822526 0.2468266 0.5233002 -0.3987170 0.3177017 0.6828230 2438842.2854024
-17.5719079 5.0611557 0.2468270 -0.1690526 -0.6357984 0.7523767 -0.0333304 2438872.9040212
-17.6059110 4.9398201 0.2468176 0.6522234 0.0861568 -0.2560773 0.7082415 2438903.5226400
-17.6391186 4.8182504 0.2467966 0.3283474 -0.5700933 0.5570865 0.5067901 2438934.1412588
-17.6715291 4.6964525 0.2467644 -0.4018185 -0.5209225 0.6809237 -0.3217522 2438964.7598775
-17.7031382 4.5744325 0.2467210 0.6347830 -0.1728264 0.0377991 0.7521654 2438995.3784963
-17.7339482 4.4521970 0.2466663 0.0822809 -0.6527237 0.7097502 0.2518657 2439025.9971151
-17.7639559 4.3297507 0.2466014 0.5720337 0.3249551 -0.5034720 0.5600871 2439056.6157339
-17.7931609 4.2070983 0.2465242 0.5185264 -0.4049058 0.3257914 0.6790004 2439087.2343526
-17.8215604 4.0842437 0.2464370 -0.1765941 -0.6337452 0.7519276 -0.0422665 2439117.8529714
-17.8491521 3.9611919 0.2463378 0.6532010 0.0784022 -0.2476451 0.7112338 2439148.4715901
-17.8759336 3.8379491 0.2462283 0.3215513 -0.5739540 0.5630680 0.5001360 2439179.0902089
-17.9019005 3.7145213 0.2461068 -0.4079789 -0.5161121 0.6770532 -0.3298191 2439209.7088277
-17.9270523 3.5909161 0.2459749 0.6326850 -0.1803556 0.0467324 0.7516633 2439240.3274464
-17.9513882 3.4671400 0.2458315 0.0745206 -0.6536552 0.7126923 0.2434159 2439270.9460652
-17.9749094 3.3431986 0.2456771 0.5758539 0.3181362 -0.4967824 0.5660290 2439301.5646840
-17.9976125 3.2190964 0.2455115 0.5136795 -0.4110375 0.3338351 0.6750820 2439332.1833028
-18.0194978 3.0948387 0.2453348 -0.1841107 -0.6316025 0.7513724 -0.0511966 2439362.8019215
-18.0405622 2.9704304 0.2451476 0.6540863 0.0706364 -0.2391780 0.7141257 2439393.4205403
-18.0608047 2.8458778 0.2449483 -0.3147099 0.5777336 -0.5689700 -0.4934113 2439424.0391591
-18.0802227 2.7211873 0.2447381 -0.4140816 -0.5112287 0.6730870 -0.3378393 2439454.6577778
-18.0988159 2.5963649 0.2445162 0.6304976 -0.1878593 0.0556590 0.7510550 2439485.2763966
-18.1165837 2.4714168 0.2442845 0.0667497 -0.6544944 0.7155338 0.2349317 2439515.8950154
-18.1335251 2.3463478 0.2440406 0.5795928 0.3112725 -0.4900228 0.5718909 2439546.5136341
-18.1496382 2.2211632 0.2437858 0.5087600 -0.4171111 0.3418317 0.6710683 2439577.1322529
-18.1649208 2.0958691 0.2435195 -0.1916013 -0.6293706 0.7507112 -0.0601195 2439607.7508717
-18.1793728 1.9704726 0.2432432 0.6548793 0.0628607 -0.2306771 0.7169168 2439638.3694904
-18.1929910 1.8449800 0.2429550 -0.3078241 0.5814316 -0.5747917 -0.4866170 2439668.9881092
-18.2057770 1.7193989 0.2426554 -0.4201259 -0.5062733 0.6690259 -0.3458120 2439699.6067280
-18.2177302 1.5937351 0.2423452 0.6282213 -0.1953365 0.0645778 0.7503408 2439730.2253468
-18.2288532 1.4679938 0.2420238 0.0589695 -0.6552412 0.7182744 0.2264144 2439760.8439655
-18.2391429 1.3421796 0.2416920 0.5832499 0.3043648 -0.4831940 0.5776722 2439791.4625843
-18.2485990 1.2162970 0.2413477 0.5037687 -0.4231259 0.3497800 0.6669599 2439822.0812031
-18.2572191 1.0903523 0.2409937 -0.1990649 -0.6270499 0.7499439 -0.0690339 2439852.6998218
-18.2650025 0.9643522 0.2406276 0.6555799 0.0550761 -0.2221437 0.7196067 2439883.3184406
-18.2719485 0.8383038 0.2402510 -0.3008948 0.5850476 -0.5805323 -0.4797540 2439913.9370594
-18.2780554 0.7122135 0.2398624 -0.4261109 -0.5012463 0.6648704 -0.3537358 2439944.5556781
-18.2833262 0.5860884 0.2394641 0.6258563 -0.2027862 0.0734875 0.7495206 2439975.1742969
-18.2877594 0.4599330 0.2390544 0.0511809 -0.6558955 0.7209136 0.2178652 2440005.7929157
-18.2913564 0.3337533 0.2386333 0.5868247 0.2974142 -0.4762970 0.5833719 2440036.4115344
-18.2941138 0.2075549 0.2382017 0.4987063 -0.4290809 0.3576790 0.6627574 2440067.0301532
-18.2960338 0.0813445 0.2377589 -0.2065003 -0.6246407 0.7490709 -0.0779385 2440097.6487720
-18.2971146 -0.0448711 0.2373062 0.6561880 0.0472838 -0.2135789 0.7221950 2440128.2673908
-18.2973581 -0.1710857 0.2368405 -0.2939230 0.5885810 -0.5861909 -0.4728232 2440158.8860095
-18.2967647 -0.2972937 0.2363654 -0.4320358 -0.4961486 0.6606210 -0.3616096 2440189.5046283
-18.2953345 -0.4234902 0.2358791 0.6234030 -0.2102072 0.0823868 0.7485947 2440220.1232471
-18.2930685 -0.5496697 0.2353827 0.0433851 -0.6564573 0.7234510 0.2092851 2440250.7418658
-18.2899631 -0.6758275 0.2348741 0.5903166 0.2904215 -0.4693328 0.5889892 2440281.3604846
-18.2860195 -0.8019559 0.2343551 0.4935735 -0.4349754 0.3655275 0.6584613 2440311.9791034
-18.2812363 -0.9280477 0.2338258 -0.2139066 -0.6221433 0.7480921 -0.0868322 2440342.5977221
-18.2756164 -1.0540955 0.2332854 0.6567034 0.0394848 -0.2049840 0.7246814 2440373.2163409
-18.2691589 -1.1800933 0.2327341 -0.2869098 0.5920314 -0.5917668 -0.4658258 2440403.8349597
-18.2618679 -1.3060353 0.2321718 -0.4378997 -0.4909809 0.6562783 -0.3694325 2440434.4535785
-18.2537432 -1.4319166 0.2316004 0.6208617 -0.2175985 0.0912745 0.7475631 2440465.0721972
-18.2447858 -1.5577323 0.2310170 0.0355831 -0.6569264 0.7258863 0.2006756 2440495.6908160
-18.2349949 -1.6834769 0.2304235 0.5937253 0.2833879 -0.4623023 0.5945235 2440526.3094348
-18.2243697 -1.8091442 0.2298189 0.4883710 -0.4408085 0.3733244 0.6540722 2440556.9280535
-18.2129127 -1.9347267 0.2292048 -0.2212828 -0.6195582 0.7470077 -0.0957136 2440587.5466723
-18.2006241 -2.0602189 0.2285791 0.6571261 0.0316802 -0.1963601 0.7270655 2440618.1652911
-18.1875055 -2.1856147 0.2279430 0.2798561 -0.5953982 0.5972592 0.4587626 2440648.7839098
-18.1735570 -2.3109087 0.2272969 -0.4437018 -0.4857439 0.6518431 -0.3772031 2440679.4025286
-18.1587812 -2.4360953 0.2266406 0.6182328 -0.2249592 0.1001493 0.7464260 2440710.0211474
-18.1431764 -2.5611688 0.2259734 0.0277761 -0.6573027 0.7282191 0.1920377 2440740.6397661
-18.1267445 -2.6861220 0.2252952 0.5970501 0.2763143 -0.4552066 0.5999738 2440771.2583849
-18.1094857 -2.8109485 0.2246080 0.4830996 -0.4465794 0.3810686 0.6495909 2440801.8770037
-18.0914038 -2.9356414 0.2239098 -0.2286277 -0.6168856 0.7458179 -0.1045815 2440832.4956225
-18.0725006 -3.0601954 0.2232017 0.6574561 0.0238711 -0.1877085 0.7293470 2440863.1142412
-18.0527778 -3.1846063 0.2224824 0.2727628 -0.5986809 0.6026672 0.4516346 2440893.7328600
-18.0322369 -3.3088690 0.2217547 -0.4494412 -0.4804383 0.6473158 -0.3849206 2440924.3514788
-18.0108779 -3.4329787 0.2210162 0.6155166 -0.2322881 0.1090100 0.7451835 2440954.9700975
-17.9887014 -3.5569294 0.2202673 0.0199652 -0.6575863 0.7304492 0.1833727 2440985.5887163
-17.9657065 -3.6807141 0.2195079 0.6002906 0.2692017 -0.4480466 0.6053394 2441016.2073350
-17.9418975 -3.8043254 0.2187394 0.4777601 -0.4522872 0.3887590 0.6450179 2441046.8259538
-17.9172749 -3.9277576 0.2179609 -0.2359403 -0.6141259 0.7445228 -0.1134346 2441077.4445726
-17.8918432 -4.0510046 0.2171715 0.6576933 0.0160587 -0.1790304 0.7315256 2441108.0631914
-17.8656025 -4.1740621 0.2163732 0.2656311 -0.6018792 0.6079902 0.4444429 2441138.6818101
-17.8385561 -4.2969248 0.2155646 -0.4551172 -0.4750650 0.6426972 -0.3925837 2441169.3004289
-17.8107047 -4.4195869 0.2147472 0.6127135 -0.2395842 0.1178553 0.7438358 2441199.9190477
-17.7820496 -4.5420431 0.2139182 0.0121515 -0.6577771 0.7325762 0.1746818 2441230.5376665
-17.7525927 -4.6642868 0.2130811 0.6034465 0.2620511 -0.4408234 0.6106196 2441261.1562852
-17.7223366 -4.7863124 0.2122338 0.4723531 -0.4579312 0.3963945 0.6403538 2441291.7749040
-17.6912858 -4.9081148 0.2113773 -0.2432196 -0.6112795 0.7431226 -0.1222717 2441322.3935112
-17.6594396 -5.0296901 0.2105106 0.6578377 0.0082440 -0.1703271 0.7336009 2441353.0121299
-17.6268011 -5.1510326 0.2096352 0.2584619 -0.6049925 0.6132274 0.4371884 2441383.6307487
-17.5933696 -5.2721376 0.2087506 -0.4607290 -0.4696245 0.6379878 -0.4001914 2441414.2493675
-17.5591489 -5.3929980 0.2078555 0.6098239 -0.2468465 0.1266839 0.7423832 2441444.8679862
-17.5241390 -5.5136073 0.2069516 0.0043361 -0.6578751 0.7345997 0.1659663 2441475.4866050
-17.4883447 -5.6339594 0.2060378 0.6065171 0.2548635 -0.4335380 0.6158136 2441506.1052122
-17.4517688 -5.7540488 0.2051165 0.4668794 -0.4635106 0.4039741 0.6355993 2441536.7238310
-17.4144153 -5.8738714 0.2041840 -0.2504646 -0.6083468 0.7416175 -0.1310916 2441567.3424498
-17.3762870 -5.9934234 0.2032434 0.6578892 0.0004281 -0.1615997 0.7355727 2441597.9610685
-17.3373835 -6.1127004 0.2022936 0.2512562 -0.6080203 0.6183781 0.4298723 2441628.5796873
-17.2977090 -6.2316969 0.2013354 -0.4662757 -0.4641178 0.6331884 -0.4077426 2441659.1983061
-17.2572628 -6.3504080 0.2003676 0.6068483 -0.2540739 0.1354947 0.7408258 2441689.8169133
-17.2160492 -6.4688267 0.1993905 -0.0034799 -0.6578801 0.7365196 0.1572274 2441720.4355320
-17.1740699 -6.5869481 0.1984055 0.6095021 0.2476399 -0.4261914 0.6209207 2441751.0541508
-17.1313300 -6.7047672 0.1974114 0.4613398 -0.4690245 0.4114967 0.6307551 2441781.6727696
-17.0878309 -6.8222794 0.1964089 -0.2576743 -0.6053283 0.7400078 -0.1398930 2441812.2913883
-17.0435753 -6.9394806 0.1953969 0.6578479 -0.0073878 -0.1528495 0.7374406 2441842.9100071
-16.9985647 -7.0563656 0.1943774 0.2440150 -0.6109624 0.6234414 0.4224954 2441873.5286259
-16.9528026 -7.1729285 0.1933482 -0.4717567 -0.4585456 0.6282996 -0.4152363 2441904.1472447
-16.9062928 -7.2891638 0.1923112 0.6037870 -0.2612655 0.1442863 0.7391638 2441934.7658634
-16.8590368 -7.4050672 0.1912652 -0.0112955 -0.6577924 0.7383355 0.1484662 2441965.3844822
-16.8110404 -7.5206339 0.1902116 0.6124012 0.2403814 -0.4187846 0.6259401 2441996.0031010
-16.7623059 -7.6358613 0.1891493 0.4557351 -0.4744722 0.4189612 0.6258219 2442026.6217197
-16.7128363 -7.7507454 0.1880786 -0.2648475 -0.6022244 0.7382936 -0.1486746 2442057.2403269
-16.6626311 -7.8652820 0.1870002 0.6577137 -0.0152027 -0.1440777 0.7392044 2442087.8589457
-16.6116936 -7.9794659 0.1859137 0.2367394 -0.6138183 0.6284168 0.4150590 2442118.4775644
-16.5600255 -8.0932909 0.1848191 -0.4771710 -0.4529086 0.6233222 -0.4226714 2442149.0961832
-16.5076321 -8.2067512 0.1837155 0.6006405 -0.2684202 0.1530576 0.7373974 2442179.7148020
-16.4545156 -8.3198427 0.1826052 -0.0191094 -0.6576118 0.7400473 0.1396841 2442210.3334208
-16.4006808 -8.4325612 0.1814865 0.6152137 0.2330890 -0.4113187 0.6308712 2442240.9520395
-16.3461315 -8.5449032 0.1803607 0.4500661 -0.4798530 0.4263666 0.6208004 2442271.5706583
-16.2908692 -8.6568659 0.1792258 -0.2719834 -0.5990354 0.7364752 -0.1574352 2442302.1892771
-16.2348967 -8.7684442 0.1780840 0.6574866 -0.0230154 -0.1352856 0.7408640 2442332.8078959
-16.1782158 -8.8796339 0.1769343 0.2294303 -0.6165875 0.6333034 0.4075639 2442363.4265146
-16.1208315 -8.9904298 0.1757773 -0.4825180 -0.4472077 0.6182567 -0.4300468 2442394.0451334
-16.0627450 -9.1008282 0.1746124 0.5974092 -0.2755370 0.1618073 0.7355270 2442424.6637406
-16.0039617 -9.2108251 0.1734400 -0.0269207 -0.6573383 0.7416545 0.1308823 2442455.2823593
-15.9444828 -9.3204174 0.1722609 0.6179395 0.2257636 -0.4037948 0.6357133 2442485.9009781
-15.8843128 -9.4296008 0.1710738 0.4443336 -0.4851660 0.4337118 0.6156912 2442516.5195969
-15.8234514 -9.5383713 0.1698803 -0.2790809 -0.5957619 0.7345529 -0.1661736 2442547.1382156
-15.7619019 -9.6467240 0.1686782 0.6571668 -0.0308249 -0.1264744 0.7424189 2442577.7568344
-15.6996688 -9.7546528 0.1674704 0.2220889 -0.6192697 0.6381007 0.4000114 2442608.3754532
-15.6367562 -9.8621542 0.1662540 -0.4877969 -0.4414437 0.6131040 -0.4373615 2442638.9940720
-15.5731684 -9.9692242 0.1650316 0.5940936 -0.2826150 0.1705341 0.7335528 2442669.6126907
-15.5089070 -10.0758607 0.1638018 -0.0347281 -0.6569721 0.7431571 0.1220620 2442700.2313095
-15.4439780 -10.1820608 0.1625653 0.6205780 0.2184064 -0.3962138 0.6404656 2442730.8499283
-15.3783807 -10.2878213 0.1613217 0.4385383 -0.4904106 0.4409957 0.6104952 2442761.4685470
-15.3121184 -10.3931377 0.1600707 -0.2861390 -0.5924043 0.7325269 -0.1748886 2442792.0871542
-15.2451916 -10.4980055 0.1588139 0.6567542 -0.0386301 -0.1176454 0.7438691 2442822.7057730
-15.1776058 -10.6024194 0.1575496 0.2147162 -0.6218644 0.6428079 0.3924023 2442853.3243918
-15.1093641 -10.7063750 0.1562795 -0.4930070 -0.4356174 0.6078648 -0.4446144 2442883.9430105
-15.0404703 -10.8098696 0.1550014 0.5906941 -0.2896530 0.1792369 0.7314750 2442914.5616293
-14.9709274 -10.9128992 0.1537183 -0.0425307 -0.6565132 0.7445548 0.1132245 2442945.1802481
-14.9007383 -11.0154607 0.1524280 0.6231289 0.2110184 -0.3885770 0.6451275 2442975.7988669
-14.8299065 -11.1175499 0.1511317 0.4326812 -0.4955859 0.4482174 0.6052130 2443006.4174856
-14.7584324 -11.2191628 0.1498280 -0.2931568 -0.5889631 0.7303974 -0.1835788 2443037.0361044
-14.6863226 -11.3202942 0.1485182 0.6562489 -0.0464297 -0.1087997 0.7452142 2443067.6547232
-14.6135795 -11.4209412 0.1472029 0.2073131 -0.6243714 0.6474244 0.3847379 2443098.2733419
-14.5402080 -11.5211005 0.1458805 -0.4981474 -0.4297296 0.6025398 -0.4518046 2443128.8919607
-14.4662091 -11.6207698 0.1445523 0.5872113 -0.2966502 0.1879143 0.7292940 2443159.5105679
-14.3915865 -11.7199460 0.1432174 -0.0503272 -0.6559616 0.7458474 0.1043710 2443190.1291866
-14.3163419 -11.8186243 0.1418775 0.6255919 0.2036005 -0.3808853 0.6496984 2443220.7478054
-14.2404777 -11.9168004 0.1405305 0.4267629 -0.5006913 0.4553759 0.5998453 2443251.3664242
-14.1639966 -12.0144691 0.1391781 -0.3001331 -0.5854387 0.7281649 -0.1922432 2443281.9850430
-14.0869034 -12.1116257 0.1378192 0.6556510 -0.0542229 -0.0999387 0.7464542 2443312.6036617
-14.0092044 -12.2082663 0.1364554 0.1998808 -0.6267903 0.6519495 0.3770192 2443343.2222805
-13.9309014 -12.3043888 0.1350850 -0.5032176 -0.4237812 0.5971297 -0.4589311 2443373.8408993
-13.8519989 -12.3999901 0.1337091 0.5836455 -0.3036055 0.1965653 0.7270101 2443404.4595181
-13.7724985 -12.4950677 0.1323278 -0.0581166 -0.6553174 0.7470347 0.0955028 2443435.0781368
-13.6924043 -12.5896170 0.1309405 0.6279666 0.1961540 -0.3731398 0.6541776 2443465.6967556
-13.6117177 -12.6836342 0.1295473 0.4207845 -0.5057260 0.4624701 0.5943930 2443496.3153744
-13.5304431 -12.7771149 0.1281481 -0.3070671 -0.5818318 0.7258296 -0.2008804 2443526.9339815
-13.4485839 -12.8700551 0.1267447 0.6549606 -0.0620084 -0.0910635 0.7475888 2443557.5526003
-13.3661454 -12.9624515 0.1253349 0.1924202 -0.6291207 0.6563826 0.3692472 2443588.1712191
-13.2831293 -13.0543015 0.1239201 -0.5082167 -0.4177729 0.5916353 -0.4659928 2443618.7898378
-13.1995386 -13.1456013 0.1224990 0.5799974 -0.3105179 0.2051885 0.7246236 2443649.4084566
-13.1153775 -13.2363461 0.1210744 -0.0658979 -0.6545807 0.7481166 0.0866211 2443680.0270754
-13.0306483 -13.3265320 0.1196434 0.6302526 0.1886797 -0.3653417 0.6585644 2443710.6456942
-12.9453564 -13.4161541 0.1182072 0.4147466 -0.5106894 0.4694990 0.5888568 2443741.2643129
-12.8595053 -13.5052091 0.1167658 -0.3139577 -0.5781427 0.7233919 -0.2094893 2443771.8829317
-12.7731023 -13.5936940 0.1153199 0.6541777 -0.0697851 -0.0821756 0.7486179 2443802.5015505
-12.6861489 -13.6816067 0.1138693 0.1849325 -0.6313623 0.6607230 0.3614232 2443833.1201693
-12.5986492 -13.7689451 0.1124125 -0.5131441 -0.4117057 0.5860575 -0.4729886 2443863.7387880
-12.5106041 -13.8557056 0.1109518 0.5762675 -0.3173865 0.2137827 0.7221347 2443894.3573952
-12.4220184 -13.9418834 0.1094856 -0.0736698 -0.6537516 0.7490928 0.0777272 2443924.9760140
-12.3328950 -14.0274740 0.1080154 0.6324497 0.1811788 -0.3574920 0.6628583 2443955.5946327
-12.2432375 -14.1124735 0.1065389 0.4086502 -0.5155806 0.4764616 0.5832374 2443986.2132515
-12.1530523 -14.1968773 0.1050593 -0.3208041 -0.5743720 0.7208521 -0.2180686 2444016.8318703
-12.0623433 -14.2806835 0.1035745 0.6533025 -0.0775520 -0.0732760 0.7495413 2444047.4504890
-11.9711163 -14.3638889 0.1020853 0.1774187 -0.6335148 0.6649702 0.3535481 2444078.0691078
-11.8793714 -14.4464911 0.1005914 -0.5179990 -0.4055803 0.5803969 -0.4799178 2444108.6877266
-11.7871153 -14.5284861 0.0990932 0.5724562 -0.3242103 0.2223468 0.7195440 2444139.3063454
-11.6943501 -14.6098699 0.0975914 -0.0814314 -0.6528302 0.7499634 0.0688223 2444169.9249641
-11.6010822 -14.6906390 0.0960838 0.6345575 0.1736524 -0.3495918 0.6670586 2444200.5435829
-11.5073149 -14.7707906 0.0945729 0.4024961 -0.5203991 0.4833570 0.5775358 2444231.1622017
-11.4130531 -14.8503222 0.0930574 -0.3276051 -0.5705202 0.7182105 -0.2266171 2444261.7808089
-11.3183011 -14.9292311 0.0915390 0.6523350 -0.0853079 -0.0643661 0.7503590 2444292.3994276
-11.2230611 -15.0075151 0.0900148 0.1698799 -0.6355779 0.6691235 0.3456231 2444323.0180464
-11.1273369 -15.0851696 0.0884873 -0.5227809 -0.3993978 0.5746544 -0.4867792 2444353.6366651
-11.0311318 -15.1621904 0.0869558 0.5685641 -0.3309884 0.2308795 0.7168516 2444384.2552839
-10.9344526 -15.2385730 0.0854209 -0.0891814 -0.6518167 0.7507281 0.0599076 2444414.8739027
-10.8373025 -15.3143144 0.0838815 0.6365758 0.1661014 -0.3416423 0.6711648 2444445.4925215
-10.7396894 -15.3894119 0.0823380 0.3962853 -0.5251442 0.4901842 0.5717526 2444476.1111403
-10.6416167 -15.4638639 0.0807923 -0.3343599 -0.5665879 0.7154675 -0.2351336 2444506.7297590
-10.5430897 -15.5376683 0.0792423 0.6512755 -0.0930518 -0.0554471 0.7510707 2444537.3483778
-10.4441105 -15.6108230 0.0776889 0.1623171 -0.6375512 0.6731824 0.3376494 2444567.9669966
-10.3446829 -15.6833246 0.0761312 -0.5274889 -0.3931588 0.5688307 -0.4935719 2444598.5856153
-10.2448116 -15.7551687 0.0745713 0.5645917 -0.3377197 0.2393795 0.7140581 2444629.2042341
-10.1445018 -15.8263525 0.0730073 -0.0969189 -0.6507113 0.7513868 0.0509846 2444659.8228528
-10.0437582 -15.8968728 0.0714402 0.6385042 0.1585270 -0.3336446 0.6751762 2444690.4414716
-9.9425850 -15.9667276 0.0698695 0.3900184 -0.5298151 0.4969422 0.5658888 2444721.0600904
-9.8409886 -16.0359142 0.0682966 -0.3410675 -0.5625756 0.7126236 -0.2436170 2444751.6787092
-9.7389710 -16.1044306 0.0667200 0.6501240 -0.1007825 -0.0465202 0.7516764 2444782.2973279
-9.6365383 -16.1722728 0.0651399 0.1547313 -0.6394346 0.6771462 0.3296280 2444812.9159351
-9.5336931 -16.2394380 0.0635576 0.5321225 0.3868643 -0.5629268 0.5002949 2444843.5345539
-9.4304430 -16.3059227 0.0619723 0.5605397 -0.3444034 0.2478458 0.7111639 2444874.1531727
-9.3267930 -16.3717248 0.0603844 -0.1046427 -0.6495139 0.7519395 0.0420543 2444904.7717915
-9.2227490 -16.4368433 0.0587928 0.6403425 0.1509302 -0.3255998 0.6790923 2444935.3904102
-9.1183143 -16.5012765 0.0572000 0.3836966 -0.5344112 0.5036300 0.5599450 2444966.0090290
-9.0134932 -16.5650228 0.0556041 -0.3477270 -0.5584839 0.7096791 -0.2520660 2444996.6276477
-8.9082893 -16.6280794 0.0540060 0.6488808 -0.1084991 -0.0375868 0.7521761 2445027.2462665
-8.8027057 -16.6904429 0.0524039 0.1471238 -0.6412277 0.6810145 0.3215600 2445057.8648853
-8.6967493 -16.7521088 0.0508010 0.5366810 0.3805153 -0.5569435 0.5069473 2445088.4835040
-8.5904240 -16.8130752 0.0491955 0.5564085 -0.3510384 0.2562772 0.7081692 2445119.1021228
-8.4837383 -16.8733391 0.0475873 -0.1123517 -0.6482249 0.7523861 0.0331181 2445149.7207416
-8.3766951 -16.9329002 0.0459771 0.6420904 0.1433121 -0.3175090 0.6829126 2445180.3393488
-8.2693012 -16.9917567 0.0443647 0.3773206 -0.5389319 0.5102467 0.5539223 2445210.9579676
-8.1615595 -17.0499068 0.0427513 -0.3543374 -0.5543134 0.7066344 -0.2604793 2445241.5765863
-8.0534756 -17.1073482 0.0411345 0.6475461 -0.1162003 -0.0286481 0.7525695 2445272.1952051
-7.9450531 -17.1640785 0.0395168 0.1394954 -0.6429303 0.6847866 0.3134467 2445302.8138239
-7.8362980 -17.2200951 0.0378966 0.5411638 0.3741125 -0.5508815 0.5135282 2445333.4324426
-7.7272170 -17.2753964 0.0362758 0.5521988 -0.3576239 0.2646723 0.7050746 2445364.0510614
-7.6178137 -17.3299816 0.0346522 -0.1200448 -0.6468444 0.7527264 0.0241772 2445394.6696802
-7.5080937 -17.3838488 0.0330280 0.6437476 0.1356738 -0.3093734 0.6866365 2445425.2882989
-7.3980590 -17.4369970 0.0314021 0.3708913 -0.5433765 0.5167915 0.5478213 2445455.9069177
-7.2877169 -17.4894227 0.0297744 -0.3608978 -0.5500647 0.7034899 -0.2688560 2445486.5255365
-7.1770705 -17.5411233 0.0281454 0.6461199 -0.1238851 -0.0197054 0.7528568 2445517.1441437
-7.0661275 -17.5920964 0.0265145 0.1318474 -0.6445422 0.6884622 0.3052892 2445547.7627625
-6.9548922 -17.6423404 0.0248840 0.5455701 0.3676569 -0.5447418 0.5200365 2445578.3813812
