0.7024336 -0.1839510 -0.0430659 -0.0104938 0.0026045 -0.7177720 0.6961942 2415021.0000000
0.7035454 -0.1795804 -0.0430716 -0.0105013 0.0025741 -0.7197870 0.6941107 2415021.2242242
0.7046300 -0.1752029 -0.0430757 -0.0105087 0.0025436 -0.7217960 0.6920214 2415021.4484484
0.7056873 -0.1708185 -0.0430781 -0.0105160 0.0025132 -0.7237989 0.6899263 2415021.6726727
0.7067173 -0.1664276 -0.0430789 -0.0105233 0.0024827 -0.7257957 0.6878254 2415021.8968969
0.7077201 -0.1620302 -0.0430780 -0.0105304 0.0024522 -0.7277864 0.6857187 2415022.1211211
0.7086954 -0.1576266 -0.0430754 -0.0105375 0.0024216 -0.7297709 0.6836062 2415022.3453453
0.7096434 -0.1532168 -0.0430711 -0.0105445 0.0023911 -0.7317494 0.6814880 2415022.5695696
0.7105639 -0.1488012 -0.0430652 -0.0105514 0.0023605 -0.7337217 0.6793641 2415022.7937938
0.7114569 -0.1443798 -0.0430577 -0.0105582 0.0023299 -0.7356878 0.6772344 2415023.0180180
0.7123224 -0.1399528 -0.0430484 -0.0105649 0.0022993 -0.7376478 0.6750991 2415023.2422422
0.7131603 -0.1355204 -0.0430375 -0.0105715 0.0022687 -0.7396016 0.6729581 2415023.4664665
0.7139707 -0.1310827 -0.0430249 -0.0105780 0.0022380 -0.7415491 0.6708115 2415023.6906907
0.7147534 -0.1266400 -0.0430107 -0.0105845 0.0022073 -0.7434904 0.6686592 2415023.9149149
0.7155085 -0.1221924 -0.0429948 -0.0105908 0.0021767 -0.7454255 0.6665013 2415024.1391391
0.7162358 -0.1177400 -0.0429772 -0.0105971 0.0021459 -0.7473543 0.6643377 2415024.3633634
0.7169355 -0.1132831 -0.0429580 -0.0106033 0.0021152 -0.7492768 0.6621686 2415024.5875876
0.7176074 -0.1088218 -0.0429371 -0.0106093 0.0020845 -0.7511931 0.6599940 2415024.8118118
0.7182515 -0.1043563 -0.0429146 -0.0106153 0.0020537 -0.7531030 0.6578138 2415025.0360360
0.7188679 -0.0998867 -0.0428903 -0.0106213 0.0020229 -0.7550066 0.6556281 2415025.2602603
0.7194564 -0.0954133 -0.0428645 -0.0106271 0.0019921 -0.7569038 0.6534368 2415025.4844845
0.7200170 -0.0909362 -0.0428369 -0.0106328 0.0019613 -0.7587947 0.6512401 2415025.7087087
0.7205498 -0.0864556 -0.0428077 -0.0106384 0.0019305 -0.7606792 0.6490379 2415025.9329329
0.7210547 -0.0819716 -0.0427769 -0.0106440 0.0018997 -0.7625574 0.6468302 2415026.1571572
0.7215316 -0.0774844 -0.0427444 -0.0106495 0.0018688 -0.7644291 0.6446172 2415026.3813814
0.7219806 -0.0729943 -0.0427102 -0.0106548 0.0018379 -0.7662944 0.6423987 2415026.6056056
0.7224017 -0.0685013 -0.0426744 -0.0106601 0.0018070 -0.7681532 0.6401748 2415026.8298298
0.7227947 -0.0640057 -0.0426369 -0.0106653 0.0017761 -0.7700056 0.6379455 2415027.0540541
0.7231598 -0.0595076 -0.0425978 -0.0106704 0.0017452 -0.7718516 0.6357108 2415027.2782783
0.7234968 -0.0550071 -0.0425570 -0.0106754 0.0017143 -0.7736910 0.6334708 2415027.5025025
0.7238059 -0.0505046 -0.0425146 -0.0106803 0.0016833 -0.7755240 0.6312255 2415027.7267267
0.7240868 -0.0460001 -0.0424705 -0.0106852 0.0016523 -0.7773504 0.6289749 2415027.9509509
0.7243397 -0.0414938 -0.0424248 -0.0106899 0.0016214 -0.7791703 0.6267190 2415028.1751752
0.7245645 -0.0369859 -0.0423775 -0.0106946 0.0015904 -0.7809836 0.6244579 2415028.3993994
0.7247613 -0.0324765 -0.0423285 -0.0106991 0.0015594 -0.7827904 0.6221915 2415028.6236236
0.7249299 -0.0279660 -0.0422778 -0.0107036 0.0015283 -0.7845906 0.6199199 2415028.8478478
0.7250705 -0.0234543 -0.0422255 -0.0107080 0.0014973 -0.7863843 0.6176430 2415029.0720721
0.7251829 -0.0189417 -0.0421716 -0.0107123 0.0014663 -0.7881713 0.6153610 2415029.2962963
0.7252672 -0.0144284 -0.0421161 -0.0107165 0.0014352 -0.7899517 0.6130738 2415029.5205205
0.7253234 -0.0099145 -0.0420589 -0.0107206 0.0014041 -0.7917254 0.6107814 2415029.7447447
0.7253515 -0.0054002 -0.0420001 -0.0107246 0.0013731 -0.7934925 0.6084839 2415029.9689690
0.7253514 -0.0008858 -0.0419396 -0.0107286 0.0013420 -0.7952530 0.6061813 2415030.1931932
0.7253232 0.0036288 -0.0418775 -0.0107324 0.0013109 -0.7970067 0.6038737 2415030.4174174
0.7252669 0.0081431 -0.0418138 -0.0107362 0.0012797 -0.7987538 0.6015609 2415030.6416416
0.7251824 0.0126572 -0.0417485 -0.0107398 0.0012486 -0.8004941 0.5992431 2415030.8658659
0.7250698 0.0171707 -0.0416816 -0.0107434 0.0012175 -0.8022277 0.5969202 2415031.0900901
0.7249290 0.0216836 -0.0416130 -0.0107469 0.0011863 -0.8039546 0.5945924 2415031.3143143
0.7247602 0.0261957 -0.0415429 -0.0107503 0.0011552 -0.8056747 0.5922595 2415031.5385385
0.7245631 0.0307067 -0.0414711 -0.0107536 0.0011240 -0.8073881 0.5899217 2415031.7627628
0.7243380 0.0352166 -0.0413977 -0.0107568 0.0010928 -0.8090947 0.5875789 2415031.9869870
0.7240847 0.0397250 -0.0413227 -0.0107599 0.0010617 -0.8107944 0.5852311 2415032.2112112
0.7238034 0.0442320 -0.0412461 -0.0107630 0.0010305 -0.8124874 0.5828785 2415032.4354354
0.7234939 0.0487372 -0.0411679 -0.0107659 0.0009993 -0.8141735 0.5805209 2415032.6596597
0.7231563 0.0532405 -0.0410881 -0.0107688 0.0009681 -0.8158528 0.5781585 2415032.8838839
0.7227907 0.0577418 -0.0410067 -0.0107715 0.0009368 -0.8175253 0.5757912 2415033.1081081
0.7223970 0.0622408 -0.0409237 -0.0107742 0.0009056 -0.8191908 0.5734191 2415033.3323323
0.7219752 0.0667374 -0.0408391 -0.0107768 0.0008744 -0.8208495 0.5710422 2415033.5565566
0.7215254 0.0712314 -0.0407529 -0.0107793 0.0008431 -0.8225013 0.5686604 2415033.7807808
0.7210475 0.0757226 -0.0406651 -0.0107817 0.0008119 -0.8241462 0.5662739 2415034.0050050
0.7205416 0.0802109 -0.0405758 -0.0107840 0.0007806 -0.8257842 0.5638826 2415034.2292292
0.7200078 0.0846961 -0.0404849 -0.0107862 0.0007494 -0.8274152 0.5614866 2415034.4534534
0.7194459 0.0891780 -0.0403924 -0.0107883 0.0007181 -0.8290392 0.5590859 2415034.6776777
0.7188561 0.0936564 -0.0402984 -0.0107903 0.0006868 -0.8306563 0.5566805 2415034.9019019
0.7182383 0.0981312 -0.0402027 -0.0107923 0.0006555 -0.8322665 0.5542704 2415035.1261261
0.7175927 0.1026022 -0.0401056 -0.0107941 0.0006243 -0.8338696 0.5518556 2415035.3503503
0.7169191 0.1070691 -0.0400068 -0.0107959 0.0005930 -0.8354657 0.5494362 2415035.5745746
0.7162176 0.1115320 -0.0399065 -0.0107976 0.0005617 -0.8370548 0.5470122 2415035.7987988
0.7154883 0.1159904 -0.0398047 -0.0107992 0.0005304 -0.8386369 0.5445836 2415036.0230230
0.7147312 0.1204444 -0.0397013 -0.0108007 0.0004991 -0.8402119 0.5421504 2415036.2472472
0.7139462 0.1248937 -0.0395963 -0.0108021 0.0004678 -0.8417799 0.5397127 2415036.4714715
0.7131335 0.1293381 -0.0394899 -0.0108034 0.0004364 -0.8433407 0.5372704 2415036.6956957
0.7122931 0.1337775 -0.0393818 -0.0108046 0.0004051 -0.8448945 0.5348236 2415036.9199199
0.7114249 0.1382117 -0.0392723 -0.0108057 0.0003738 -0.8464413 0.5323723 2415037.1441441
0.7105290 0.1426405 -0.0391612 -0.0108068 0.0003425 -0.8479808 0.5299166 2415037.3683684
0.7096055 0.1470637 -0.0390486 -0.0108077 0.0003112 -0.8495133 0.5274564 2415037.5925926
0.7086544 0.1514813 -0.0389345 -0.0108086 0.0002798 -0.8510386 0.5249917 2415037.8168168
0.7076757 0.1558929 -0.0388188 -0.0108093 0.0002485 -0.8525568 0.5225227 2415038.0410410
0.7066694 0.1602985 -0.0387017 -0.0108100 0.0002172 -0.8540678 0.5200492 2415038.2652653
0.7056357 0.1646978 -0.0385830 -0.0108106 0.0001858 -0.8555717 0.5175714 2415038.4894895
0.7045744 0.1690907 -0.0384629 -0.0108111 0.0001545 -0.8570683 0.5150893 2415038.7137137
0.7034857 0.1734771 -0.0383412 -0.0108115 0.0001232 -0.8585578 0.5126028 2415038.9379379
0.7023697 0.1778566 -0.0382181 -0.0108118 0.0000918 -0.8600400 0.5101120 2415039.1621622
0.7012262 0.1822293 -0.0380934 -0.0108120 0.0000605 -0.8615150 0.5076169 2415039.3863864
0.7000554 0.1865948 -0.0379673 -0.0108121 0.0000291 -0.8629828 0.5051176 2415039.6106106
0.6988574 0.1909531 -0.0378397 -0.0108122 -0.0000022 -0.8644433 0.5026140 2415039.8348348
0.6976321 0.1953039 -0.0377106 -0.0108121 -0.0000335 -0.8658966 0.5001062 2415040.0590591
0.6963797 0.1996472 -0.0375801 0.0108120 0.0000649 0.8673426 -0.4975942 2415040.2832833
0.6951001 0.2039826 -0.0374481 0.0108118 0.0000962 0.8687813 -0.4950780 2415040.5075075
0.6937934 0.2083101 -0.0373146 0.0108114 0.0001276 0.8702127 -0.4925576 2415040.7317317
0.6924597 0.2126295 -0.0371797 0.0108110 0.0001589 0.8716368 -0.4900331 2415040.9559559
0.6910989 0.2169405 -0.0370433 0.0108105 0.0001902 0.8730535 -0.4875045 2415041.1801802
0.6897112 0.2212432 -0.0369055 0.0108099 0.0002216 0.8744629 -0.4849718 2415041.4044044
0.6882967 0.2255372 -0.0367662 0.0108092 0.0002529 0.8758650 -0.4824350 2415041.6286286
0.6868552 0.2298224 -0.0366255 0.0108084 0.0002842 0.8772597 -0.4798942 2415041.8528528
0.6853870 0.2340986 -0.0364834 0.0108076 0.0003156 0.8786471 -0.4773493 2415042.0770771
0.6838921 0.2383657 -0.0363399 0.0108066 0.0003469 0.8800271 -0.4748004 2415042.3013013
0.6823704 0.2426235 -0.0361949 0.0108056 0.0003782 0.8813996 -0.4722476 2415042.5255255
0.6808222 0.2468718 -0.0360485 0.0108044 0.0004095 0.8827648 -0.4696907 2415042.7497497
0.6792473 0.2511105 -0.0359007 0.0108032 0.0004409 0.8841226 -0.4671300 2415042.9739740
0.6776460 0.2553394 -0.0357516 0.0108019 0.0004722 0.8854729 -0.4645653 2415043.1981982
0.6760182 0.2595584 -0.0356010 0.0108005 0.0005035 0.8868158 -0.4619967 2415043.4224224
0.6743640 0.2637672 -0.0354490 0.0107989 0.0005348 0.8881512 -0.4594242 2415043.6466466
0.6726835 0.2679657 -0.0352957 0.0107974 0.0005661 0.8894792 -0.4568478 2415043.8708709
0.6709767 0.2721537 -0.0351409 0.0107957 0.0005974 0.8907997 -0.4542676 2415044.0950951
0.6692437 0.2763311 -0.0349848 0.0107939 0.0006287 0.8921127 -0.4516836 2415044.3193193
0.6674846 0.2804977 -0.0348274 0.0107920 0.0006599 0.8934182 -0.4490958 2415044.5435435
0.6656994 0.2846534 -0.0346685 0.0107901 0.0006912 0.8947162 -0.4465042 2415044.7677678
0.6638882 0.2887979 -0.0345083 0.0107880 0.0007225 0.8960067 -0.4439089 2415044.9919920
0.6620510 0.2929312 -0.0343468 0.0107859 0.0007538 0.8972896 -0.4413099 2415045.2162162
0.6601880 0.2970530 -0.0341839 0.0107836 0.0007850 0.8985651 -0.4387071 2415045.4404404
0.6582992 0.3011632 -0.0340197 0.0107813 0.0008163 0.8998329 -0.4361007 2415045.6646647
0.6563847 0.3052616 -0.0338542 0.0107789 0.0008475 0.9010933 -0.4334905 2415045.8888889
0.6544445 0.3093481 -0.0336873 0.0107764 0.0008788 0.9023460 -0.4308768 2415046.1131131
0.6524787 0.3134225 -0.0335191 0.0107738 0.0009100 0.9035912 -0.4282594 2415046.3373373
0.6504874 0.3174847 -0.0333497 0.0107711 0.0009412 0.9048287 -0.4256384 2415046.5615616
0.6484706 0.3215344 -0.0331789 0.0107684 0.0009724 0.9060587 -0.4230139 2415046.7857858
0.6464285 0.3255715 -0.0330068 0.0107655 0.0010037 0.9072810 -0.4203858 2415047.0100100
0.6443611 0.3295960 -0.0328334 0.0107625 0.0010349 0.9084958 -0.4177541 2415047.2342342
0.6422685 0.3336075 -0.0326587 0.0107595 0.0010661 0.9097029 -0.4151190 2415047.4584584
0.6401508 0.3376060 -0.0324828 0.0107564 0.0010972 0.9109023 -0.4124804 2415047.6826827
0.6380081 0.3415912 -0.0323056 0.0107531 0.0011284 0.9120941 -0.4098383 2415047.9069069
0.6358403 0.3455631 -0.0321271 0.0107498 0.0011596 0.9132783 -0.4071927 2415048.1311311
0.6336477 0.3495215 -0.0319473 0.0107464 0.0011907 0.9144547 -0.4045438 2415048.3553553
0.6314303 0.3534662 -0.0317663 0.0107429 0.0012219 0.9156235 -0.4018914 2415048.5795796
0.6291881 0.3573971 -0.0315841 0.0107393 0.0012530 0.9167846 -0.3992357 2415048.8038038
0.6269213 0.3613139 -0.0314006 0.0107357 0.0012841 0.9179380 -0.3965766 2415049.0280280
0.6246300 0.3652166 -0.0312159 0.0107319 0.0013152 0.9190836 -0.3939141 2415049.2522522
0.6223142 0.3691050 -0.0310300 0.0107280 0.0013463 0.9202216 -0.3912484 2415049.4764765
0.6199740 0.3729790 -0.0308429 0.0107241 0.0013774 0.9213518 -0.3885794 2415049.7007007
0.6176096 0.3768383 -0.0306545 0.0107200 0.0014085 0.9224743 -0.3859071 2415049.9249249
0.6152209 0.3806829 -0.0304650 0.0107159 0.0014396 0.9235890 -0.3832316 2415050.1491491
0.6128081 0.3845126 -0.0302742 0.0107117 0.0014706 0.9246960 -0.3805528 2415050.3733734
0.6103714 0.3883272 -0.0300823 0.0107074 0.0015017 0.9257952 -0.3778709 2415050.5975976
0.6079107 0.3921265 -0.0298892 0.0107030 0.0015327 0.9268866 -0.3751857 2415050.8218218
0.6054261 0.3959105 -0.0296949 0.0106985 0.0015637 0.9279702 -0.3724975 2415051.0460460
0.6029179 0.3996790 -0.0294995 0.0106939 0.0015947 0.9290461 -0.3698061 2415051.2702703
0.6003860 0.4034318 -0.0293029 0.0106893 0.0016257 0.9301141 -0.3671115 2415051.4944945
0.5978305 0.4071688 -0.0291052 0.0106845 0.0016567 0.9311743 -0.3644139 2415051.7187187
0.5952516 0.4108898 -0.0289063 0.0106797 0.0016877 0.9322267 -0.3617133 2415051.9429429
0.5926494 0.4145947 -0.0287062 0.0106747 0.0017186 0.9332712 -0.3590096 2415052.1671672
0.5900239 0.4182834 -0.0285051 0.0106697 0.0017496 0.9343080 -0.3563029 2415052.3913914
0.5873753 0.4219556 -0.0283028 0.0106646 0.0017805 0.9353368 -0.3535932 2415052.6156156
0.5847036 0.4256113 -0.0280995 0.0106594 0.0018114 0.9363578 -0.3508805 2415052.8398398
0.5820090 0.4292502 -0.0278950 0.0106541 0.0018423 0.9373710 -0.3481649 2415053.0640641
0.5792915 0.4328724 -0.0276894 0.0106487 0.0018731 0.9383762 -0.3454463 2415053.2882883
0.5765513 0.4364775 -0.0274827 0.0106432 0.0019040 0.9393736 -0.3427248 2415053.5125125
0.5737884 0.4400655 -0.0272750 0.0106377 0.0019348 0.9403631 -0.3400005 2415053.7367367
0.5710031 0.4436362 -0.0270662 0.0106320 0.0019657 0.9413447 -0.3372733 2415053.9609609
0.5681953 0.4471895 -0.0268563 0.0106263 0.0019965 0.9423184 -0.3345433 2415054.1851852
0.5653652 0.4507253 -0.0266454 0.0106204 0.0020273 0.9432841 -0.3318105 2415054.4094094
0.5625128 0.4542433 -0.0264334 0.0106145 0.0020580 0.9442419 -0.3290748 2415054.6336336
0.5596384 0.4577435 -0.0262204 0.0106085 0.0020888 0.9451918 -0.3263364 2415054.8578578
0.5567420 0.4612257 -0.0260063 0.0106024 0.0021195 0.9461338 -0.3235953 2415055.0820821
0.5538238 0.4646898 -0.0257913 0.0105962 0.0021503 0.9470678 -0.3208515 2415055.3063063
0.5508837 0.4681356 -0.0255752 0.0105899 0.0021810 0.9479939 -0.3181049 2415055.5305305
0.5479220 0.4715630 -0.0253581 0.0105836 0.0022117 0.9489119 -0.3153557 2415055.7547547
0.5449388 0.4749719 -0.0251400 0.0105771 0.0022423 0.9498221 -0.3126038 2415055.9789790
0.5419341 0.4783621 -0.0249210 0.0105706 0.0022730 0.9507242 -0.3098493 2415056.2032032
0.5389082 0.4817335 -0.0247009 0.0105639 0.0023036 0.9516183 -0.3070922 2415056.4274274
0.5358610 0.4850860 -0.0244799 0.0105572 0.0023342 0.9525045 -0.3043326 2415056.6516516
0.5327928 0.4884194 -0.0242579 0.0105504 0.0023648 0.9533826 -0.3015703 2415056.8758759
0.5297036 0.4917335 -0.0240350 0.0105435 0.0023954 0.9542528 -0.2988056 2415057.1001001
0.5265936 0.4950284 -0.0238111 0.0105365 0.0024259 0.9551149 -0.2960383 2415057.3243243
0.5234628 0.4983037 -0.0235863 0.0105294 0.0024565 0.9559690 -0.2932685 2415057.5485485
0.5203115 0.5015595 -0.0233605 0.0105223 0.0024870 0.9568150 -0.2904963 2415057.7727728
0.5171397 0.5047955 -0.0231339 0.0105150 0.0025175 0.9576531 -0.2877216 2415057.9969970
0.5139475 0.5080116 -0.0229063 0.0105077 0.0025479 0.9584830 -0.2849445 2415058.2212212
0.5107351 0.5112077 -0.0226778 0.0105002 0.0025784 0.9593049 -0.2821650 2415058.4454454
0.5075026 0.5143838 -0.0224484 0.0104927 0.0026088 0.9601188 -0.2793832 2415058.6696697
0.5042501 0.5175395 -0.0222182 0.0104851 0.0026392 0.9609246 -0.2765990 2415058.8938939
0.5009778 0.5206749 -0.0219870 0.0104774 0.0026696 0.9617223 -0.2738125 2415059.1181181
0.4976857 0.5237898 -0.0217550 0.0104696 0.0027000 0.9625120 -0.2710236 2415059.3423423
0.4943740 0.5268840 -0.0215222 0.0104618 0.0027303 0.9632935 -0.2682325 2415059.5665666
0.4910429 0.5299575 -0.0212885 0.0104538 0.0027606 0.9640670 -0.2654392 2415059.7907908
0.4876924 0.5330101 -0.0210539 0.0104458 0.0027909 0.9648323 -0.2626436 2415060.0150150
0.4843227 0.5360417 -0.0208186 0.0104376 0.0028212 0.9655896 -0.2598458 2415060.2392392
0.4809338 0.5390522 -0.0205824 0.0104294 0.0028514 0.9663387 -0.2570458 2415060.4634634
0.4775261 0.5420415 -0.0203454 0.0104211 0.0028816 0.9670797 -0.2542437 2415060.6876877
0.4740995 0.5450093 -0.0201076 0.0104127 0.0029118 0.9678126 -0.2514394 2415060.9119119
0.4706542 0.5479557 -0.0198690 0.0104042 0.0029420 0.9685374 -0.2486330 2415061.1361361
0.4671904 0.5508805 -0.0196296 0.0103957 0.0029721 0.9692540 -0.2458246 2415061.3603603
0.4637081 0.5537835 -0.0193894 0.0103870 0.0030023 0.9699625 -0.2430140 2415061.5845846
0.4602076 0.5566648 -0.0191485 0.0103783 0.0030324 0.9706628 -0.2402014 2415061.8088088
0.4566889 0.5595240 -0.0189068 0.0103694 0.0030624 0.9713550 -0.2373868 2415062.0330330
0.4531522 0.5623612 -0.0186644 0.0103605 0.0030925 0.9720390 -0.2345702 2415062.2572572
0.4495976 0.5651762 -0.0184213 0.0103515 0.0031225 0.9727149 -0.2317517 2415062.4814815
0.4460253 0.5679689 -0.0181774 0.0103424 0.0031525 0.9733826 -0.2289312 2415062.7057057
0.4424354 0.5707392 -0.0179328 0.0103332 0.0031824 0.9740421 -0.2261087 2415062.9299299
0.4388280 0.5734869 -0.0176875 0.0103239 0.0032124 0.9746934 -0.2232844 2415063.1541541
0.4352032 0.5762120 -0.0174415 0.0103146 0.0032423 0.9753365 -0.2204582 2415063.3783784
0.4315613 0.5789144 -0.0171948 0.0103051 0.0032722 0.9759714 -0.2176301 2415063.6026026
0.4279024 0.5815939 -0.0169474 0.0102956 0.0033020 0.9765982 -0.2148002 2415063.8268268
0.4242266 0.5842505 -0.0166994 0.0102860 0.0033319 0.9772167 -0.2119685 2415064.0510510
0.4205340 0.5868840 -0.0164507 0.0102763 0.0033617 0.9778270 -0.2091351 2415064.2752753
0.4168248 0.5894942 -0.0162013 0.0102665 0.0033914 0.9784291 -0.2062998 2415064.4994995
0.4130991 0.5920812 -0.0159513 0.0102566 0.0034212 0.9790230 -0.2034628 2415064.7237237
0.4093571 0.5946449 -0.0157007 0.0102467 0.0034509 0.9796086 -0.2006242 2415064.9479479
0.4055990 0.5971850 -0.0154494 0.0102366 0.0034806 0.9801860 -0.1977838 2415065.1721722
0.4018248 0.5997015 -0.0151976 0.0102265 0.0035102 0.9807552 -0.1949418 2415065.3963964
0.3980347 0.6021943 -0.0149451 0.0102163 0.0035399 0.9813162 -0.1920981 2415065.6206206
0.3942289 0.6046633 -0.0146921 0.0102060 0.0035695 0.9818689 -0.1892528 2415065.8448448
0.3904075 0.6071084 -0.0144385 0.0101956 0.0035990 0.9824133 -0.1864060 2415066.0690691
0.3865707 0.6095295 -0.0141843 0.0101851 0.0036286 0.9829495 -0.1835575 2415066.2932933
0.3827186 0.6119265 -0.0139295 0.0101746 0.0036581 0.9834774 -0.1807076 2415066.5175175
0.3788513 0.6142993 -0.0136742 0.0101639 0.0036876 0.9839971 -0.1778561 2415066.7417417
0.3749691 0.6166478 -0.0134183 0.0101532 0.0037170 0.9845085 -0.1750031 2415066.9659659
0.3710721 0.6189719 -0.0131620 0.0101424 0.0037464 0.9850116 -0.1721486 2415067.1901902
0.3671603 0.6212716 -0.0129051 0.0101315 0.0037758 0.9855065 -0.1692927 2415067.4144144
0.3632340 0.6235466 -0.0126477 0.0101205 0.0038052 0.9859931 -0.1664354 2415067.6386386
0.3592934 0.6257970 -0.0123897 0.0101094 0.0038345 0.9864714 -0.1635767 2415067.8628628
0.3553385 0.6280226 -0.0121313 0.0100982 0.0038638 0.9869414 -0.1607166 2415068.0870871
0.3513696 0.6302233 -0.0118725 0.0100870 0.0038930 0.9874031 -0.1578551 2415068.3113113
0.3473868 0.6323991 -0.0116131 0.0100757 0.0039222 0.9878565 -0.1549923 2415068.5355355
0.3433902 0.6345499 -0.0113533 0.0100643 0.0039514 0.9883016 -0.1521283 2415068.7597597
0.3393800 0.6366755 -0.0110930 0.0100528 0.0039806 0.9887384 -0.1492629 2415068.9839840
0.3353564 0.6387759 -0.0108323 0.0100412 0.0040097 0.9891669 -0.1463963 2415069.2082082
0.3313194 0.6408510 -0.0105712 0.0100295 0.0040388 0.9895871 -0.1435284 2415069.4324324
0.3272694 0.6429008 -0.0103096 0.0100178 0.0040678 0.9899990 -0.1406594 2415069.6566566
0.3232064 0.6449250 -0.0100477 0.0100059 0.0040969 0.9904026 -0.1377892 2415069.8808809
0.3191306 0.6469238 -0.0097853 0.0099940 0.0041259 0.9907978 -0.1349178 2415070.1051051
0.3150422 0.6488968 -0.0095226 0.0099820 0.0041548 0.9911847 -0.1320453 2415070.3293293
0.3109412 0.6508442 -0.0092595 0.0099699 0.0041837 0.9915633 -0.1291716 2415070.5535535
0.3068280 0.6527658 -0.0089960 0.0099578 0.0042126 0.9919336 -0.1262969 2415070.7777778
0.3027026 0.6546615 -0.0087321 0.0099455 0.0042415 0.9922955 -0.1234211 2415071.0020020
0.2985651 0.6565312 -0.0084679 0.0099332 0.0042703 0.9926491 -0.1205443 2415071.2262262
0.2944159 0.6583750 -0.0082034 0.0099208 0.0042990 0.9929943 -0.1176665 2415071.4504504
0.2902550 0.6601926 -0.0079386 0.0099083 0.0043278 0.9933312 -0.1147877 2415071.6746747
0.2860825 0.6619840 -0.0076734 0.0098957 0.0043565 0.9936598 -0.1119079 2415071.8988989
0.2818987 0.6637492 -0.0074079 0.0098830 0.0043851 0.9939800 -0.1090272 2415072.1231231
0.2777038 0.6654880 -0.0071422 0.0098703 0.0044138 0.9942918 -0.1061455 2415072.3473473
0.2734978 0.6672005 -0.0068761 0.0098574 0.0044424 0.9945953 -0.1032630 2415072.5715716
0.2692809 0.6688864 -0.0066098 0.0098445 0.0044709 0.9948905 -0.1003796 2415072.7957958
0.2650534 0.6705459 -0.0063432 0.0098315 0.0044994 0.9951772 -0.0974954 2415073.0200200
0.2608154 0.6721787 -0.0060764 0.0098184 0.0045279 0.9954557 -0.0946103 2415073.2442442
0.2565670 0.6737848 -0.0058093 0.0098052 0.0045564 0.9957257 -0.0917245 2415073.4684685
0.2523084 0.6753642 -0.0055420 0.0097920 0.0045848 0.9959874 -0.0888378 2415073.6926927
0.2480398 0.6769168 -0.0052745 0.0097787 0.0046131 0.9962407 -0.0859505 2415073.9169169
0.2437614 0.6784426 -0.0050067 0.0097653 0.0046414 0.9964857 -0.0830624 2415074.1411411
0.2394733 0.6799413 -0.0047388 0.0097518 0.0046697 0.9967223 -0.0801736 2415074.3653653
0.2351757 0.6814131 -0.0044707 0.0097382 0.0046980 0.9969505 -0.0772841 2415074.5895896
0.2308687 0.6828578 -0.0042024 0.0097245 0.0047262 0.9971703 -0.0743940 2415074.8138138
0.2265526 0.6842754 -0.0039339 0.0097108 0.0047544 0.9973818 -0.0715033 2415075.0380380
0.2222274 0.6856658 -0.0036653 0.0096970 0.0047825 0.9975848 -0.0686119 2415075.2622622
0.2178935 0.6870290 -0.0033965 0.0096831 0.0048106 0.9977795 -0.0657200 2415075.4864865
0.2135508 0.6883649 -0.0031276 0.0096691 0.0048386 0.9979658 -0.0628275 2415075.7107107
0.2091997 0.6896734 -0.0028586 0.0096550 0.0048666 0.9981438 -0.0599346 2415075.9349349
0.2048403 0.6909545 -0.0025894 0.0096409 0.0048946 0.9983133 -0.0570411 2415076.1591591
0.2004727 0.6922081 -0.0023202 0.0096266 0.0049225 0.9984744 -0.0541471 2415076.3833834
0.1960972 0.6934343 -0.0020509 0.0096123 0.0049504 0.9986272 -0.0512526 2415076.6076076
0.1917139 0.6946328 -0.0017814 0.0095979 0.0049782 0.9987716 -0.0483578 2415076.8318318
0.1873229 0.6958038 -0.0015120 0.0095835 0.0050060 0.9989075 -0.0454625 2415077.0560560
0.1829245 0.6969471 -0.0012424 0.0095689 0.0050338 0.9990351 -0.0425669 2415077.2802803
0.1785189 0.6980626 -0.0009728 0.0095543 0.0050615 0.9991543 -0.0396708 2415077.5045045
0.1741061 0.6991504 -0.0007032 0.0095396 0.0050892 0.9992651 -0.0367745 2415077.7287287
0.1696864 0.7002104 -0.0004335 0.0095248 0.0051168 0.9993675 -0.0338778 2415077.9529529
0.1652599 0.7012426 -0.0001638 0.0095099 0.0051444 0.9994615 -0.0309809 2415078.1771772
0.1608269 0.7022468 0.0001059 0.0094950 0.0051720 0.9995471 -0.0280837 2415078.4014014
0.1563875 0.7032231 0.0003756 0.0094799 0.0051995 0.9996243 -0.0251863 2415078.6256256
0.1519419 0.7041714 0.0006452 0.0094648 0.0052269 0.9996931 -0.0222886 2415078.8498498
0.1474902 0.7050917 0.0009149 0.0094496 0.0052543 0.9997535 -0.0193908 2415079.0740741
0.1430326 0.7059839 0.0011845 0.0094344 0.0052817 0.9998055 -0.0164928 2415079.2982983
0.1385693 0.7068480 0.0014540 0.0094190 0.0053090 0.9998491 -0.0135947 2415079.5225225
0.1341006 0.7076840 0.0017235 0.0094036 0.0053363 0.9998843 -0.0106964 2415079.7467467
0.1296265 0.7084918 0.0019930 0.0093881 0.0053635 0.9999111 -0.0077981 2415079.9709710
0.1251472 0.7092714 0.0022623 0.0093725 0.0053907 0.9999295 -0.0048997 2415080.1951952
0.1206629 0.7100228 0.0025316 0.0093568 0.0054179 0.9999395 -0.0020012 2415080.4194194
0.1161739 0.7107459 0.0028008 0.0093411 0.0054450 0.9999411 0.0008972 2415080.6436436
0.1116802 0.7114407 0.0030698 0.0093252 0.0054720 0.9999343 0.0037957 2415080.8678678
0.1071821 0.7121071 0.0033387 0.0093093 0.0054990 0.9999191 0.0066941 2415081.0920921
0.1026797 0.7127452 0.0036075 0.0092934 0.0055260 0.9998955 0.0095925 2415081.3163163
0.0981732 0.7133548 0.0038762 0.0092773 0.0055529 0.9998635 0.0124907 2415081.5405405
0.0936628 0.7139361 0.0041447 0.0092612 0.0055798 0.9998231 0.0153889 2415081.7647647
0.0891486 0.7144889 0.0044130 0.0092450 0.0056066 0.9997743 0.0182870 2415081.9889890
0.0846309 0.7150132 0.0046812 0.0092287 0.0056334 0.9997171 0.0211849 2415082.2132132
0.0801099 0.7155090 0.0049492 0.0092123 0.0056601 0.9996515 0.0240826 2415082.4374374
0.0755856 0.7159763 0.0052169 0.0091959 0.0056868 0.9995775 0.0269801 2415082.6616616
0.0710583 0.7164151 0.0054845 0.0091793 0.0057134 0.9994951 0.0298774 2415082.8858859
0.0665282 0.7168253 0.0057518 0.0091627 0.0057400 0.9994043 0.0327744 2415083.1101101
0.0619955 0.7172069 0.0060190 0.0091461 0.0057665 0.9993051 0.0356712 2415083.3343343
0.0574602 0.7175599 0.0062858 0.0091293 0.0057930 0.9991975 0.0385677 2415083.5585585
0.0529227 0.7178843 0.0065525 0.0091125 0.0058194 0.9990815 0.0414638 2415083.7827828
0.0483831 0.7181801 0.0068188 0.0090956 0.0058458 0.9989571 0.0443596 2415084.0070070
0.0438415 0.7184472 0.0070849 0.0090786 0.0058722 0.9988243 0.0472550 2415084.2312312
0.0392982 0.7186857 0.0073507 0.0090615 0.0058985 0.9986832 0.0501500 2415084.4554554
0.0347533 0.7188955 0.0076163 0.0090444 0.0059247 0.9985336 0.0530446 2415084.6796797
0.0302071 0.7190766 0.0078815 0.0090272 0.0059509 0.9983757 0.0559388 2415084.9039039
0.0256596 0.7192291 0.0081464 0.0090099 0.0059770 0.9982093 0.0588325 2415085.1281281
0.0211111 0.7193528 0.0084110 0.0089925 0.0060031 0.9980346 0.0617257 2415085.3523523
0.0165618 0.7194478 0.0086752 0.0089751 0.0060292 0.9978515 0.0646183 2415085.5765766
0.0120118 0.7195141 0.0089391 0.0089576 0.0060552 0.9976600 0.0675105 2415085.8008008
0.0074613 0.7195517 0.0092026 0.0089400 0.0060811 0.9974601 0.0704020 2415086.0250250
0.0029105 0.7195606 0.0094658 0.0089223 0.0061070 0.9972518 0.0732930 2415086.2492492
-0.0016404 0.7195407 0.0097286 0.0089046 0.0061328 0.9970352 0.0761834 2415086.4734735
-0.0061912 0.7194922 0.0099910 0.0088868 0.0061586 0.9968102 0.0790731 2415086.6976977
-0.0107418 0.7194148 0.0102530 0.0088689 0.0061843 0.9965768 0.0819621 2415086.9219219
-0.0152919 0.7193088 0.0105146 0.0088509 0.0062100 0.9963350 0.0848505 2415087.1461461
-0.0198414 0.7191740 0.0107758 0.0088329 0.0062357 0.9960849 0.0877381 2415087.3703703
-0.0243902 0.7190105 0.0110365 0.0088148 0.0062612 0.9958264 0.0906250 2415087.5945946
-0.0289380 0.7188183 0.0112968 0.0087966 0.0062868 0.9955595 0.0935112 2415087.8188188
-0.0334846 0.7185974 0.0115567 0.0087783 0.0063122 0.9952843 0.0963966 2415088.0430430
-0.0380298 0.7183478 0.0118160 0.0087600 0.0063376 0.9950007 0.0992811 2415088.2672672
-0.0425736 0.7180695 0.0120750 0.0087416 0.0063630 0.9947087 0.1021648 2415088.4914915
-0.0471157 0.7177625 0.0123334 0.0087231 0.0063883 0.9944084 0.1050477 2415088.7157157
-0.0516558 0.7174268 0.0125913 0.0087046 0.0064136 0.9940997 0.1079297 2415088.9399399
-0.0561939 0.7170624 0.0128488 0.0086859 0.0064388 0.9937827 0.1108107 2415089.1641641
-0.0607298 0.7166694 0.0131057 0.0086672 0.0064639 0.9934573 0.1136909 2415089.3883884
-0.0652632 0.7162477 0.0133621 0.0086485 0.0064890 0.9931236 0.1165701 2415089.6126126
-0.0697941 0.7157975 0.0136180 0.0086296 0.0065141 0.9927816 0.1194483 2415089.8368368
-0.0743221 0.7153186 0.0138733 0.0086107 0.0065391 0.9924311 0.1223255 2415090.0610610
-0.0788472 0.7148111 0.0141281 0.0085917 0.0065640 0.9920724 0.1252016 2415090.2852853
-0.0833691 0.7142750 0.0143823 0.0085726 0.0065889 0.9917053 0.1280768 2415090.5095095
-0.0878877 0.7137104 0.0146359 0.0085535 0.0066137 0.9913299 0.1309508 2415090.7337337
-0.0924027 0.7131172 0.0148890 0.0085343 0.0066385 0.9909462 0.1338238 2415090.9579579
-0.0969141 0.7124955 0.0151414 0.0085150 0.0066632 0.9905541 0.1366956 2415091.1821822
-0.1014216 0.7118453 0.0153932 0.0084957 0.0066878 0.9901537 0.1395663 2415091.4064064
-0.1059250 0.7111667 0.0156445 0.0084762 0.0067124 0.9897450 0.1424358 2415091.6306306
-0.1104242 0.7104596 0.0158951 0.0084568 0.0067370 0.9893280 0.1453041 2415091.8548548
-0.1149190 0.7097241 0.0161450 0.0084372 0.0067614 0.9889026 0.1481711 2415092.0790791
-0.1194092 0.7089602 0.0163944 0.0084176 0.0067859 0.9884690 0.1510370 2415092.3033033
-0.1238946 0.7081680 0.0166430 0.0083978 0.0068102 0.9880270 0.1539016 2415092.5275275
-0.1283751 0.7073474 0.0168910 0.0083781 0.0068346 0.9875768 0.1567648 2415092.7517517
-0.1328504 0.7064985 0.0171383 0.0083582 0.0068588 0.9871182 0.1596268 2415092.9759760
-0.1373204 0.7056213 0.0173850 0.0083383 0.0068830 0.9866514 0.1624874 2415093.2002002
-0.1417849 0.7047160 0.0176309 0.0083183 0.0069072 0.9861762 0.1653467 2415093.4244244
-0.1462437 0.7037824 0.0178762 0.0082983 0.0069312 0.9856928 0.1682045 2415093.6486486
-0.1506967 0.7028206 0.0181207 0.0082781 0.0069553 0.9852011 0.1710610 2415093.8728729
-0.1551437 0.7018307 0.0183645 0.0082579 0.0069792 0.9847011 0.1739160 2415094.0970971
-0.1595844 0.7008128 0.0186075 0.0082377 0.0070031 0.9841929 0.1767695 2415094.3213213
-0.1640188 0.6997667 0.0188499 0.0082173 0.0070270 0.9836764 0.1796216 2415094.5455455
-0.1684465 0.6986927 0.0190914 0.0081969 0.0070508 0.9831516 0.1824722 2415094.7697697
-0.1728676 0.6975907 0.0193322 0.0081765 0.0070745 0.9826185 0.1853212 2415094.9939940
-0.1772817 0.6964608 0.0195722 0.0081559 0.0070982 0.9820772 0.1881687 2415095.2182182
-0.1816887 0.6953029 0.0198115 0.0081353 0.0071218 0.9815277 0.1910145 2415095.4424424
-0.1860885 0.6941173 0.0200499 0.0081146 0.0071453 0.9809699 0.1938588 2415095.6666666
-0.1904808 0.6929038 0.0202876 0.0080939 0.0071688 0.9804038 0.1967015 2415095.8908909
-0.1948655 0.6916626 0.0205244 0.0080731 0.0071923 0.9798295 0.1995425 2415096.1151151
-0.1992423 0.6903938 0.0207604 0.0080522 0.0072156 0.9792470 0.2023818 2415096.3393393
-0.2036112 0.6890972 0.0209956 0.0080313 0.0072389 0.9786563 0.2052194 2415096.5635635
-0.2079720 0.6877731 0.0212299 0.0080102 0.0072622 0.9780573 0.2080553 2415096.7877878
-0.2123244 0.6864214 0.0214634 0.0079892 0.0072854 0.9774501 0.2108895 2415097.0120120
-0.2166683 0.6850422 0.0216960 0.0079680 0.0073085 0.9768347 0.2137218 2415097.2362362
-0.2210035 0.6836356 0.0219278 0.0079468 0.0073316 0.9762111 0.2165524 2415097.4604604
-0.2253298 0.6822016 0.0221587 0.0079255 0.0073546 0.9755793 0.2193812 2415097.6846847
-0.2296472 0.6807402 0.0223887 0.0079041 0.0073775 0.9749393 0.2222081 2415097.9089089
-0.2339553 0.6792516 0.0226178 0.0078827 0.0074004 0.9742911 0.2250332 2415098.1331331
-0.2382541 0.6777358 0.0228459 0.0078612 0.0074232 0.9736347 0.2278563 2415098.3573573
-0.2425433 0.6761928 0.0230732 0.0078397 0.0074460 0.9729702 0.2306776 2415098.5815816
-0.2468228 0.6746228 0.0232996 0.0078181 0.0074687 0.9722974 0.2334969 2415098.8058058
-0.2510924 0.6730257 0.0235250 0.0077964 0.0074913 0.9716165 0.2363142 2415099.0300300
-0.2553520 0.6714016 0.0237495 0.0077747 0.0075139 0.9709275 0.2391296 2415099.2542542
-0.2596013 0.6697506 0.0239730 0.0077528 0.0075364 0.9702302 0.2419429 2415099.4784785
-0.2638402 0.6680728 0.0241955 0.0077310 0.0075588 0.9695249 0.2447543 2415099.7027027
-0.2680685 0.6663682 0.0244171 0.0077090 0.0075812 0.9688113 0.2475635 2415099.9269269
-0.2722861 0.6646369 0.0246377 0.0076870 0.0076035 0.9680897 0.2503707 2415100.1511511
-0.2764928 0.6628790 0.0248574 0.0076649 0.0076257 0.9673599 0.2531758 2415100.3753754
-0.2806884 0.6610945 0.0250760 0.0076428 0.0076479 0.9666219 0.2559787 2415100.5995996
-0.2848728 0.6592835 0.0252936 0.0076206 0.0076701 0.9658759 0.2587795 2415100.8238238
-0.2890457 0.6574460 0.0255102 0.0075983 0.0076921 0.9651217 0.2615782 2415101.0480480
-0.2932070 0.6555822 0.0257258 0.0075760 0.0077141 0.9643595 0.2643746 2415101.2722722
-0.2973566 0.6536922 0.0259404 0.0075536 0.0077360 0.9635891 0.2671688 2415101.4964965
-0.3014943 0.6517759 0.0261539 0.0075312 0.0077579 0.9628106 0.2699608 2415101.7207207
-0.3056199 0.6498335 0.0263663 0.0075086 0.0077797 0.9620241 0.2727505 2415101.9449449
-0.3097332 0.6478650 0.0265778 0.0074861 0.0078014 0.9612294 0.2755379 2415102.1691691
-0.3138341 0.6458706 0.0267881 0.0074634 0.0078231 0.9604267 0.2783230 2415102.3933934
-0.3179224 0.6438502 0.0269974 0.0074407 0.0078447 0.9596159 0.2811057 2415102.6176176
-0.3219980 0.6418041 0.0272055 0.0074179 0.0078662 0.9587970 0.2838861 2415102.8418418
-0.3260607 0.6397322 0.0274126 0.0073951 0.0078877 0.9579701 0.2866641 2415103.0660660
-0.3301103 0.6376347 0.0276186 0.0073722 0.0079091 0.9571352 0.2894397 2415103.2902903
-0.3341466 0.6355115 0.0278235 0.0073493 0.0079304 0.9562922 0.2922129 2415103.5145145
-0.3381695 0.6333630 0.0280273 0.0073262 0.0079517 0.9554411 0.2949836 2415103.7387387
-0.3421789 0.6311890 0.0282300 0.0073032 0.0079729 0.9545821 0.2977518 2415103.9629629
-0.3461746 0.6289896 0.0284315 0.0072800 0.0079940 0.9537150 0.3005175 2415104.1871872
-0.3501564 0.6267651 0.0286318 0.0072568 0.0080151 0.9528399 0.3032807 2415104.4114114
-0.3541241 0.6245154 0.0288311 0.0072335 0.0080361 0.9519568 0.3060414 2415104.6356356
-0.3580777 0.6222407 0.0290291 0.0072102 0.0080570 0.9510657 0.3087995 2415104.8598598
-0.3620168 0.6199410 0.0292261 0.0071868 0.0080779 0.9501666 0.3115550 2415105.0840841
-0.3659415 0.6176165 0.0294218 0.0071634 0.0080987 0.9492595 0.3143078 2415105.3083083
-0.3698514 0.6152672 0.0296163 0.0071399 0.0081194 0.9483445 0.3170581 2415105.5325325
-0.3737466 0.6128932 0.0298097 0.0071163 0.0081401 0.9474215 0.3198056 2415105.7567567
-0.3776267 0.6104946 0.0300019 0.0070927 0.0081607 0.9464905 0.3225505 2415105.9809810
-0.3814917 0.6080715 0.0301929 0.0070690 0.0081812 0.9455516 0.3252927 2415106.2052052
-0.3853414 0.6056240 0.0303826 0.0070453 0.0082017 0.9446047 0.3280321 2415106.4294294
-0.3891757 0.6031523 0.0305711 0.0070215 0.0082221 0.9436499 0.3307688 2415106.6536536
-0.3929943 0.6006563 0.0307585 0.0069976 0.0082424 0.9426871 0.3335027 2415106.8778779
-0.3967971 0.5981363 0.0309445 0.0069737 0.0082626 0.9417165 0.3362338 2415107.1021021
-0.4005841 0.5955922 0.0311294 0.0069497 0.0082828 0.9407379 0.3389621 2415107.3263263
-0.4043549 0.5930243 0.0313130 0.0069257 0.0083029 0.9397514 0.3416875 2415107.5505505
-0.4081096 0.5904326 0.0314953 0.0069016 0.0083230 0.9387571 0.3444100 2415107.7747748
-0.4118479 0.5878171 0.0316764 0.0068774 0.0083429 0.9377548 0.3471297 2415107.9989990
-0.4155696 0.5851781 0.0318562 0.0068532 0.0083628 0.9367447 0.3498464 2415108.2232232
-0.4192747 0.5825156 0.0320347 0.0068289 0.0083827 0.9357267 0.3525603 2415108.4474474
-0.4229629 0.5798298 0.0322119 0.0068046 0.0084024 0.9347008 0.3552711 2415108.6716716
-0.4266342 0.5771207 0.0323878 0.0067802 0.0084221 0.9336671 0.3579790 2415108.8958959
-0.4302884 0.5743884 0.0325625 0.0067558 0.0084417 0.9326255 0.3606838 2415109.1201201
-0.4339253 0.5716331 0.0327358 0.0067313 0.0084613 0.9315761 0.3633856 2415109.3443443
-0.4375448 0.5688548 0.0329078 0.0067067 0.0084807 0.9305188 0.3660844 2415109.5685685
-0.4411467 0.5660537 0.0330785 0.0066821 0.0085001 0.9294538 0.3687801 2415109.7927928
-0.4447309 0.5632300 0.0332479 0.0066575 0.0085195 0.9283809 0.3714727 2415110.0170170
-0.4482973 0.5603836 0.0334160 0.0066327 0.0085387 0.9273003 0.3741621 2415110.2412412
-0.4518457 0.5575147 0.0335827 0.0066080 0.0085579 0.9262118 0.3768485 2415110.4654654
-0.4553760 0.5546234 0.0337480 0.0065831 0.0085771 0.9251156 0.3795316 2415110.6896897
-0.4588880 0.5517099 0.0339120 0.0065582 0.0085961 0.9240116 0.3822116 2415110.9139139
-0.4623816 0.5487743 0.0340746 0.0065333 0.0086151 0.9228998 0.3848884 2415111.1381381
-0.4658566 0.5458167 0.0342359 0.0065083 0.0086340 0.9217803 0.3875619 2415111.3623623
-0.4693130 0.5428371 0.0343958 0.0064832 0.0086528 0.9206530 0.3902322 2415111.5865866
-0.4727505 0.5398358 0.0345543 0.0064581 0.0086716 0.9195180 0.3928991 2415111.8108108
-0.4761690 0.5368128 0.0347115 0.0064330 0.0086902 0.9183753 0.3955628 2415112.0350350
-0.4795685 0.5337682 0.0348672 0.0064077 0.0087088 0.9172248 0.3982232 2415112.2592592
-0.4829486 0.5307023 0.0350215 0.0063825 0.0087274 0.9160667 0.4008802 2415112.4834835
-0.4863095 0.5276150 0.0351745 0.0063571 0.0087459 0.9149008 0.4035339 2415112.7077077
-0.4896508 0.5245066 0.0353260 0.0063318 0.0087642 0.9137273 0.4061841 2415112.9319319
-0.4929724 0.5213771 0.0354761 0.0063063 0.0087826 0.9125461 0.4088310 2415113.1561561
-0.4962743 0.5182268 0.0356248 0.0062809 0.0088008 0.9113572 0.4114744 2415113.3803804
-0.4995562 0.5150556 0.0357720 0.0062553 0.0088190 0.9101606 0.4141144 2415113.6046046
-0.5028182 0.5118637 0.0359178 0.0062297 0.0088371 0.9089565 0.4167508 2415113.8288288
-0.5060599 0.5086513 0.0360622 0.0062041 0.0088551 0.9077446 0.4193838 2415114.0530530
-0.5092813 0.5054186 0.0362051 0.0061784 0.0088730 0.9065252 0.4220133 2415114.2772773
-0.5124823 0.5021655 0.0363466 0.0061526 0.0088909 0.9052981 0.4246392 2415114.5015015
-0.5156628 0.4988923 0.0364866 0.0061269 0.0089087 0.9040634 0.4272615 2415114.7257257
-0.5188225 0.4955990 0.0366252 0.0061010 0.0089264 0.9028212 0.4298803 2415114.9499499
-0.5219615 0.4922859 0.0367623 0.0060751 0.0089441 0.9015713 0.4324954 2415115.1741742
-0.5250795 0.4889530 0.0368979 0.0060492 0.0089616 0.9003139 0.4351069 2415115.3983984
-0.5281764 0.4856005 0.0370320 0.0060232 0.0089791 0.8990489 0.4377147 2415115.6226226
-0.5312521 0.4822286 0.0371646 0.0059971 0.0089966 0.8977763 0.4403189 2415115.8468468
-0.5343065 0.4788373 0.0372958 0.0059710 0.0090139 0.8964962 0.4429194 2415116.0710710
-0.5373395 0.4754267 0.0374254 0.0059448 0.0090312 0.8952086 0.4455161 2415116.2952953
-0.5403510 0.4719971 0.0375536 0.0059186 0.0090484 0.8939135 0.4481091 2415116.5195195
-0.5433407 0.4685486 0.0376802 0.0058924 0.0090655 0.8926108 0.4506984 2415116.7437437
-0.5463087 0.4650813 0.0378054 0.0058661 0.0090825 0.8913007 0.4532838 2415116.9679679
-0.5492547 0.4615953 0.0379290 0.0058397 0.0090995 0.8899830 0.4558655 2415117.1921922
-0.5521787 0.4580908 0.0380511 0.0058133 0.0091164 0.8886579 0.4584433 2415117.4164164
-0.5550806 0.4545679 0.0381717 0.0057869 0.0091332 0.8873253 0.4610173 2415117.6406406
-0.5579601 0.4510268 0.0382907 0.0057604 0.0091499 0.8859853 0.4635873 2415117.8648648
-0.5608173 0.4474675 0.0384082 0.0057338 0.0091666 0.8846378 0.4661535 2415118.0890891
-0.5636521 0.4438904 0.0385242 0.0057072 0.0091832 0.8832828 0.4687158 2415118.3133133
-0.5664642 0.4402954 0.0386386 0.0056806 0.0091997 0.8819205 0.4712742 2415118.5375375
-0.5692535 0.4366828 0.0387514 0.0056539 0.0092161 0.8805507 0.4738285 2415118.7617617
-0.5720201 0.4330527 0.0388628 0.0056272 0.0092325 0.8791736 0.4763789 2415118.9859860
-0.5747637 0.4294051 0.0389725 0.0056004 0.0092487 0.8777891 0.4789253 2415119.2102102
-0.5774842 0.4257404 0.0390807 0.0055736 0.0092649 0.8763971 0.4814677 2415119.4344344
-0.5801816 0.4220586 0.0391873 0.0055467 0.0092810 0.8749979 0.4840060 2415119.6586586
-0.5828557 0.4183599 0.0392924 0.0055198 0.0092971 0.8735912 0.4865403 2415119.8828829
-0.5855065 0.4146444 0.0393958 0.0054928 0.0093130 0.8721773 0.4890705 2415120.1071071
-0.5881338 0.4109122 0.0394977 0.0054658 0.0093289 0.8707560 0.4915965 2415120.3313313
-0.5907374 0.4071636 0.0395981 0.0054387 0.0093447 0.8693274 0.4941185 2415120.5555555
-0.5933174 0.4033986 0.0396968 0.0054116 0.0093604 0.8678914 0.4966362 2415120.7797798
-0.5958736 0.3996175 0.0397939 0.0053844 0.0093761 0.8664482 0.4991498 2415121.0040040
-0.5984059 0.3958204 0.0398895 0.0053572 0.0093917 0.8649977 0.5016593 2415121.2282282
-0.6009142 0.3920074 0.0399834 0.0053300 0.0094072 0.8635400 0.5041645 2415121.4524524
-0.6033985 0.3881786 0.0400757 0.0053027 0.0094226 0.8620750 0.5066654 2415121.6766767
-0.6058585 0.3843343 0.0401665 0.0052754 0.0094379 0.8606027 0.5091621 2415121.9009009
-0.6082942 0.3804746 0.0402556 0.0052480 0.0094531 0.8591232 0.5116546 2415122.1251251
-0.6107056 0.3765997 0.0403431 0.0052206 0.0094683 0.8576365 0.5141427 2415122.3493493
-0.6130924 0.3727096 0.0404290 0.0051931 0.0094834 0.8561426 0.5166265 2415122.5735735
-0.6154547 0.3688046 0.0405132 0.0051656 0.0094984 0.8546415 0.5191060 2415122.7977978
-0.6177923 0.3648848 0.0405959 0.0051380 0.0095134 0.8531332 0.5215811 2415123.0220220
-0.6201052 0.3609504 0.0406769 0.0051104 0.0095282 0.8516178 0.5240518 2415123.2462462
-0.6223932 0.3570015 0.0407563 0.0050828 0.0095430 0.8500952 0.5265181 2415123.4704704
-0.6246563 0.3530384 0.0408340 0.0050551 0.0095577 0.8485654 0.5289800 2415123.6946947
-0.6268943 0.3490610 0.0409101 0.0050274 0.0095723 0.8470285 0.5314375 2415123.9189189
-0.6291072 0.3450697 0.0409846 0.0049996 0.0095868 0.8454845 0.5338905 2415124.1431431
-0.6312948 0.3410645 0.0410574 0.0049718 0.0096013 0.8439334 0.5363390 2415124.3673673
-0.6334572 0.3370457 0.0411286 0.0049440 0.0096156 0.8423752 0.5387829 2415124.5915916
-0.6355942 0.3330134 0.0411982 0.0049161 0.0096299 0.8408100 0.5412224 2415124.8158158
-0.6377057 0.3289677 0.0412660 0.0048881 0.0096441 0.8392376 0.5436573 2415125.0400400
-0.6397917 0.3249089 0.0413323 0.0048601 0.0096583 0.8376582 0.5460877 2415125.2642642
-0.6418521 0.3208370 0.0413968 0.0048321 0.0096723 0.8360718 0.5485135 2415125.4884885
-0.6438867 0.3167523 0.0414598 0.0048041 0.0096863 0.8344784 0.5509346 2415125.7127127
-0.6458955 0.3126548 0.0415210 0.0047760 0.0097002 0.8328779 0.5533511 2415125.9369369
-0.6478785 0.3085449 0.0415806 0.0047478 0.0097140 0.8312704 0.5557630 2415126.1611611
-0.6498355 0.3044226 0.0416385 0.0047197 0.0097277 0.8296560 0.5581702 2415126.3853854
-0.6517664 0.3002881 0.0416948 0.0046914 0.0097413 0.8280346 0.5605728 2415126.6096096
-0.6536713 0.2961416 0.0417494 0.0046632 0.0097549 0.8264062 0.5629706 2415126.8338338
-0.6555500 0.2919832 0.0418023 0.0046349 0.0097684 0.8247709 0.5653636 2415127.0580580
-0.6574024 0.2878131 0.0418536 0.0046066 0.0097818 0.8231287 0.5677520 2415127.2822823
-0.6592285 0.2836315 0.0419031 0.0045782 0.0097951 0.8214795 0.5701355 2415127.5065065
-0.6610282 0.2794385 0.0419510 0.0045498 0.0098083 0.8198234 0.5725143 2415127.7307307
-0.6628014 0.2752344 0.0419972 0.0045213 0.0098214 0.8181605 0.5748883 2415127.9549549
-0.6645481 0.2710192 0.0420418 0.0044928 0.0098345 0.8164907 0.5772574 2415128.1791792
-0.6662682 0.2667932 0.0420846 0.0044643 0.0098475 0.8148140 0.5796217 2415128.4034034
-0.6679616 0.2625565 0.0421258 0.0044358 0.0098604 0.8131305 0.5819811 2415128.6276276
-0.6696282 0.2583092 0.0421652 0.0044072 0.0098732 0.8114401 0.5843356 2415128.8518518
-0.6712681 0.2540517 0.0422030 0.0043785 0.0098859 0.8097429 0.5866852 2415129.0760761
-0.6728811 0.2497839 0.0422391 0.0043498 0.0098986 0.8080389 0.5890299 2415129.3003003
-0.6744671 0.2455062 0.0422735 0.0043211 0.0099112 0.8063282 0.5913696 2415129.5245245
-0.6760262 0.2412187 0.0423062 0.0042924 0.0099236 0.8046106 0.5937044 2415129.7487487
-0.6775582 0.2369214 0.0423373 0.0042636 0.0099360 0.8028863 0.5960341 2415129.9729729
-0.6790631 0.2326148 0.0423666 0.0042348 0.0099484 0.8011552 0.5983589 2415130.1971972
-0.6805408 0.2282987 0.0423942 0.0042059 0.0099606 0.7994175 0.6006786 2415130.4214214
-0.6819912 0.2239736 0.0424201 0.0041770 0.0099727 0.7976730 0.6029933 2415130.6456456
-0.6834144 0.2196395 0.0424444 0.0041481 0.0099848 0.7959218 0.6053030 2415130.8698698
-0.6848103 0.2152966 0.0424669 0.0041192 0.0099968 0.7941639 0.6076075 2415131.0940941
-0.6861787 0.2109451 0.0424878 0.0040902 0.0100087 0.7923993 0.6099069 2415131.3183183
-0.6875197 0.2065852 0.0425069 0.0040611 0.0100205 0.7906281 0.6122012 2415131.5425425
-0.6888332 0.2022170 0.0425243 0.0040321 0.0100322 0.7888502 0.6144904 2415131.7667667
-0.6901191 0.1978407 0.0425401 0.0040030 0.0100439 0.7870657 0.6167744 2415131.9909910
-0.6913775 0.1934565 0.0425541 0.0039738 0.0100554 0.7852746 0.6190532 2415132.2152152
-0.6926082 0.1890645 0.0425665 0.0039447 0.0100669 0.7834769 0.6213268 2415132.4394394
-0.6938111 0.1846650 0.0425771 0.0039155 0.0100783 0.7816726 0.6235952 2415132.6636636
-0.6949864 0.1802582 0.0425860 0.0038863 0.0100896 0.7798618 0.6258584 2415132.8878879
-0.6961338 0.1758441 0.0425932 0.0038570 0.0101008 0.7780444 0.6281163 2415133.1121121
-0.6972535 0.1714229 0.0425988 0.0038277 0.0101120 0.7762204 0.6303689 2415133.3363363
-0.6983452 0.1669950 0.0426026 0.0037984 0.0101230 0.7743899 0.6326162 2415133.5605605
-0.6994090 0.1625603 0.0426047 0.0037690 0.0101340 0.7725530 0.6348583 2415133.7847848
-0.7004449 0.1581191 0.0426051 0.0037396 0.0101449 0.7707095 0.6370949 2415134.0090090
-0.7014528 0.1536717 0.0426038 0.0037102 0.0101557 0.7688596 0.6393263 2415134.2332332
-0.7024326 0.1492181 0.0426008 0.0036807 0.0101664 0.7670032 0.6415522 2415134.4574574
-0.7033844 0.1447585 0.0425961 0.0036513 0.0101770 0.7651403 0.6437728 2415134.6816817
-0.7043080 0.1402931 0.0425898 0.0036217 0.0101876 0.7632711 0.6459879 2415134.9059059
-0.7052036 0.1358221 0.0425817 0.0035922 0.0101980 0.7613954 0.6481976 2415135.1301301
-0.7060709 0.1313457 0.0425719 0.0035626 0.0102084 0.7595133 0.6504019 2415135.3543543
-0.7069100 0.1268641 0.0425604 0.0035330 0.0102187 0.7576248 0.6526007 2415135.5785786
-0.7077209 0.1223774 0.0425472 0.0035034 0.0102289 0.7557300 0.6547941 2415135.8028028
-0.7085035 0.1178858 0.0425323 0.0034737 0.0102390 0.7538288 0.6569819 2415136.0270270
-0.7092579 0.1133895 0.0425157 0.0034440 0.0102490 0.7519213 0.6591642 2415136.2512512
-0.7099839 0.1088886 0.0424974 0.0034143 0.0102589 0.7500075 0.6613410 2415136.4754755
-0.7106815 0.1043835 0.0424774 0.0033846 0.0102688 0.7480873 0.6635122 2415136.6996997
-0.7113508 0.0998741 0.0424557 0.0033548 0.0102786 0.7461609 0.6656778 2415136.9239239
-0.7119916 0.0953608 0.0424323 0.0033250 0.0102882 0.7442282 0.6678379 2415137.1481481
-0.7126040 0.0908436 0.0424072 0.0032951 0.0102978 0.7422893 0.6699923 2415137.3723723
-0.7131880 0.0863228 0.0423804 0.0032653 0.0103073 0.7403441 0.6721411 2415137.5965966
-0.7137435 0.0817986 0.0423520 0.0032354 0.0103168 0.7383927 0.6742843 2415137.8208208
-0.7142706 0.0772711 0.0423218 0.0032055 0.0103261 0.7364351 0.6764218 2415138.0450450
-0.7147691 0.0727405 0.0422900 0.0031755 0.0103353 0.7344713 0.6785536 2415138.2692692
-0.7152391 0.0682071 0.0422565 0.0031455 0.0103445 0.7325014 0.6806797 2415138.4934935
-0.7156805 0.0636709 0.0422212 0.0031155 0.0103536 0.7305253 0.6828001 2415138.7177177
-0.7160934 0.0591321 0.0421843 0.0030855 0.0103626 0.7285430 0.6849147 2415138.9419419
-0.7164777 0.0545910 0.0421458 0.0030555 0.0103715 0.7265546 0.6870236 2415139.1661661
-0.7168334 0.0500478 0.0421055 0.0030254 0.0103803 0.7245602 0.6891268 2415139.3903904
-0.7171606 0.0455025 0.0420635 0.0029953 0.0103890 0.7225596 0.6912241 2415139.6146146
-0.7174591 0.0409554 0.0420199 0.0029652 0.0103976 0.7205529 0.6933156 2415139.8388388
-0.7177290 0.0364067 0.0419746 0.0029350 0.0104062 0.7185403 0.6954013 2415140.0630630
-0.7179703 0.0318565 0.0419276 0.0029048 0.0104147 0.7165215 0.6974812 2415140.2872873
-0.7181830 0.0273051 0.0418790 0.0028746 0.0104230 0.7144968 0.6995552 2415140.5115115
-0.7183670 0.0227525 0.0418287 0.0028444 0.0104313 0.7124660 0.7016233 2415140.7357357
-0.7185224 0.0181991 0.0417767 0.0028142 0.0104395 0.7104293 0.7036855 2415140.9599599
-0.7186492 0.0136449 0.0417231 0.0027839 0.0104476 0.7083866 0.7057418 2415141.1841842
-0.7187473 0.0090902 0.0416677 0.0027536 0.0104557 0.7063379 0.7077922 2415141.4084084
-0.7188167 0.0045352 0.0416108 0.0027233 0.0104636 0.7042833 0.7098367 2415141.6326326
-0.7188575 -0.0000201 0.0415521 0.0026929 0.0104715 0.7022228 0.7118751 2415141.8568568
-0.7188697 -0.0045754 0.0414919 0.0026626 0.0104792 0.7001564 0.7139076 2415142.0810811
-0.7188532 -0.0091304 0.0414299 0.0026322 0.0104869 0.6980841 0.7159341 2415142.3053053
-0.7188081 -0.0136851 0.0413663 0.0026018 0.0104945 0.6960060 0.7179546 2415142.5295295
-0.7187343 -0.0182393 0.0413011 0.0025713 0.0105020 0.6939219 0.7199690 2415142.7537537
-0.7186319 -0.0227927 0.0412342 0.0025409 0.0105094 0.6918321 0.7219774 2415142.9779780
-0.7185009 -0.0273452 0.0411657 0.0025104 0.0105167 0.6897365 0.7239798 2415143.2022022
-0.7183413 -0.0318967 0.0410955 0.0024799 0.0105239 0.6876350 0.7259760 2415143.4264264
-0.7181531 -0.0364469 0.0410237 0.0024494 0.0105311 0.6855278 0.7279662 2415143.6506506
-0.7179362 -0.0409956 0.0409503 0.0024189 0.0105381 0.6834148 0.7299502 2415143.8748749
-0.7176908 -0.0455427 0.0408752 0.0023883 0.0105451 0.6812961 0.7319281 2415144.0990991
-0.7174168 -0.0500879 0.0407985 0.0023577 0.0105520 0.6791716 0.7338998 2415144.3233233
-0.7171143 -0.0546312 0.0407202 0.0023271 0.0105588 0.6770415 0.7358654 2415144.5475475
-0.7167832 -0.0591723 0.0406403 0.0022965 0.0105655 0.6749056 0.7378248 2415144.7717717
-0.7164236 -0.0637111 0.0405587 0.0022659 0.0105721 0.6727641 0.7397780 2415144.9959960
-0.7160354 -0.0682473 0.0404755 0.0022352 0.0105786 0.6706170 0.7417250 2415145.2202202
-0.7156188 -0.0727808 0.0403908 0.0022046 0.0105850 0.6684641 0.7436658 2415145.4444444
-0.7151737 -0.0773114 0.0403044 0.0021739 0.0105914 0.6663057 0.7456003 2415145.6686686
-0.7147002 -0.0818389 0.0402164 0.0021432 0.0105976 0.6641417 0.7475285 2415145.8928929
-0.7141982 -0.0863632 0.0401268 0.0021124 0.0106038 0.6619721 0.7494505 2415146.1171171
-0.7136679 -0.0908840 0.0400356 0.0020817 0.0106099 0.6597970 0.7513661 2415146.3413413
-0.7131091 -0.0954012 0.0399428 0.0020509 0.0106159 0.6576163 0.7532755 2415146.5655655
-0.7125220 -0.0999147 0.0398485 0.0020201 0.0106218 0.6554300 0.7551785 2415146.7897898
-0.7119066 -0.1044241 0.0397525 0.0019894 0.0106276 0.6532383 0.7570752 2415147.0140140
-0.7112628 -0.1089294 0.0396550 0.0019585 0.0106333 0.6510411 0.7589655 2415147.2382382
-0.7105908 -0.1134304 0.0395559 0.0019277 0.0106389 0.6488384 0.7608494 2415147.4624624
-0.7098905 -0.1179269 0.0394552 0.0018969 0.0106445 0.6466302 0.7627270 2415147.6866867
-0.7091620 -0.1224186 0.0393529 0.0018660 0.0106499 0.6444166 0.7645981 2415147.9109109
-0.7084054 -0.1269056 0.0392491 0.0018351 0.0106553 0.6421977 0.7664628 2415148.1351351
-0.7076206 -0.1313874 0.0391438 0.0018042 0.0106606 0.6399733 0.7683211 2415148.3593593
-0.7068077 -0.1358641 0.0390368 0.0017733 0.0106658 0.6377435 0.7701729 2415148.5835836
-0.7059667 -0.1403353 0.0389283 0.0017424 0.0106709 0.6355084 0.7720183 2415148.8078078
-0.7050976 -0.1448010 0.0388183 0.0017115 0.0106759 0.6332679 0.7738571 2415149.0320320
-0.7042006 -0.1492610 0.0387068 0.0016805 0.0106808 0.6310221 0.7756895 2415149.2562562
-0.7032756 -0.1537150 0.0385937 0.0016495 0.0106856 0.6287710 0.7775153 2415149.4804805
-0.7023226 -0.1581629 0.0384790 0.0016186 0.0106903 0.6265147 0.7793346 2415149.7047047
-0.7013418 -0.1626045 0.0383629 0.0015876 0.0106950 0.6242530 0.7811474 2415149.9289289
-0.7003331 -0.1670397 0.0382452 0.0015566 0.0106996 0.6219862 0.7829536 2415150.1531531
-0.6992967 -0.1714682 0.0381260 0.0015255 0.0107040 0.6197141 0.7847532 2415150.3773774
-0.6982324 -0.1758899 0.0380052 0.0014945 0.0107084 0.6174367 0.7865462 2415150.6016016
-0.6971405 -0.1803047 0.0378830 0.0014635 0.0107127 0.6151543 0.7883326 2415150.8258258
-0.6960209 -0.1847123 0.0377593 0.0014324 0.0107169 0.6128666 0.7901124 2415151.0500500
-0.6948737 -0.1891125 0.0376341 0.0014013 0.0107210 0.6105738 0.7918856 2415151.2742743
-0.6936989 -0.1935053 0.0375073 0.0013702 0.0107250 0.6082758 0.7936521 2415151.4984985
-0.6924966 -0.1978904 0.0373791 0.0013392 0.0107289 0.6059728 0.7954119 2415151.7227227
-0.6912669 -0.2022676 0.0372494 0.0013080 0.0107328 0.6036646 0.7971651 2415151.9469469
-0.6900097 -0.2066368 0.0371183 0.0012769 0.0107365 0.6013514 0.7989115 2415152.1711711
-0.6887252 -0.2109979 0.0369856 0.0012458 0.0107402 0.5990331 0.8006512 2415152.3953954
-0.6874133 -0.2153505 0.0368515 0.0012147 0.0107437 0.5967098 0.8023843 2415152.6196196
-0.6860742 -0.2196946 0.0367160 0.0011835 0.0107472 0.5943815 0.8041105 2415152.8438438
-0.6847079 -0.2240301 0.0365789 0.0011524 0.0107506 0.5920482 0.8058300 2415153.0680680
-0.6833145 -0.2283566 0.0364405 0.0011212 0.0107539 0.5897099 0.8075428 2415153.2922923
-0.6818940 -0.2326741 0.0363006 0.0010900 0.0107571 0.5873666 0.8092487 2415153.5165165
-0.6804465 -0.2369823 0.0361592 0.0010588 0.0107602 0.5850185 0.8109479 2415153.7407407
-0.6789720 -0.2412812 0.0360164 0.0010276 0.0107632 0.5826654 0.8126402 2415153.9649649
-0.6774706 -0.2455705 0.0358722 0.0009964 0.0107662 0.5803074 0.8143258 2415154.1891892
-0.6759423 -0.2498501 0.0357266 0.0009652 0.0107690 0.5779445 0.8160044 2415154.4134134
-0.6743873 -0.2541198 0.0355795 0.0009340 0.0107718 0.5755768 0.8176762 2415154.6376376
-0.6728056 -0.2583794 0.0354311 0.0009028 0.0107744 0.5732042 0.8193412 2415154.8618618
-0.6711973 -0.2626288 0.0352812 0.0008715 0.0107770 0.5708269 0.8209993 2415155.0860861
-0.6695624 -0.2668679 0.0351299 0.0008403 0.0107795 0.5684447 0.8226504 2415155.3103103
-0.6679009 -0.2710963 0.0349773 0.0008091 0.0107819 0.5660578 0.8242947 2415155.5345345
-0.6662131 -0.2753140 0.0348232 0.0007778 0.0107842 0.5636660 0.8259320 2415155.7587587
-0.6644988 -0.2795208 0.0346678 0.0007465 0.0107864 0.5612696 0.8275624 2415155.9829830
-0.6627583 -0.2837166 0.0345110 0.0007153 0.0107885 0.5588685 0.8291858 2415156.2072072
-0.6609916 -0.2879011 0.0343529 0.0006840 0.0107905 0.5564626 0.8308023 2415156.4314314
-0.6591986 -0.2920742 0.0341934 0.0006527 0.0107925 0.5540521 0.8324118 2415156.6556556
-0.6573797 -0.2962358 0.0340325 0.0006214 0.0107943 0.5516369 0.8340143 2415156.8798799
-0.6555347 -0.3003856 0.0338703 0.0005901 0.0107961 0.5492171 0.8356098 2415157.1041041
-0.6536638 -0.3045236 0.0337068 0.0005588 0.0107977 0.5467927 0.8371982 2415157.3283283
-0.6517670 -0.3086496 0.0335419 0.0005275 0.0107993 0.5443636 0.8387797 2415157.5525525
-0.6498445 -0.3127633 0.0333757 0.0004962 0.0108008 0.5419300 0.8403540 2415157.7767768
-0.6478962 -0.3168647 0.0332082 0.0004649 0.0108022 0.5394919 0.8419214 2415158.0010010
-0.6459224 -0.3209535 0.0330393 0.0004336 0.0108035 0.5370492 0.8434816 2415158.2252252
-0.6439230 -0.3250297 0.0328692 0.0004023 0.0108047 0.5346020 0.8450348 2415158.4494494
-0.6418982 -0.3290930 0.0326977 0.0003710 0.0108058 0.5321503 0.8465808 2415158.6736737
-0.6398481 -0.3331433 0.0325250 0.0003396 0.0108068 0.5296942 0.8481198 2415158.8978979
-0.6377726 -0.3371805 0.0323510 0.0003083 0.0108078 0.5272336 0.8496516 2415159.1221221
-0.6356719 -0.3412043 0.0321757 0.0002770 0.0108086 0.5247685 0.8511763 2415159.3463463
-0.6335462 -0.3452146 0.0319991 0.0002457 0.0108094 0.5222991 0.8526938 2415159.5705706
-0.6313954 -0.3492114 0.0318213 0.0002143 0.0108101 0.5198252 0.8542042 2415159.7947948
-0.6292197 -0.3531943 0.0316422 0.0001830 0.0108106 0.5173470 0.8557074 2415160.0190190
-0.6270191 -0.3571633 0.0314618 0.0001517 0.0108111 0.5148645 0.8572034 2415160.2432432
-0.6247938 -0.3611181 0.0312803 0.0001203 0.0108115 0.5123776 0.8586922 2415160.4674674
-0.6225438 -0.3650588 0.0310974 0.0000890 0.0108118 0.5098864 0.8601738 2415160.6916917
-0.6202692 -0.3689850 0.0309134 0.0000576 0.0108120 0.5073910 0.8616481 2415160.9159159
-0.6179702 -0.3728966 0.0307281 0.0000263 0.0108121 0.5048912 0.8631153 2415161.1401401
-0.6156468 -0.3767936 0.0305416 -0.0000050 0.0108122 0.5023873 0.8645751 2415161.3643643
-0.6132991 -0.3806756 0.0303540 -0.0000364 0.0108121 0.4998791 0.8660277 2415161.5885886
-0.6109272 -0.3845427 0.0301651 -0.0000677 0.0108120 0.4973667 0.8674731 2415161.8128128
-0.6085311 -0.3883946 0.0299750 -0.0000991 0.0108117 0.4948501 0.8689111 2415162.0370370
-0.6061111 -0.3922312 0.0297838 -0.0001304 0.0108114 0.4923294 0.8703418 2415162.2612612
-0.6036672 -0.3960523 0.0295913 -0.0001617 0.0108110 0.4898045 0.8717652 2415162.4854855
-0.6011995 -0.3998577 0.0293977 -0.0001931 0.0108105 0.4872755 0.8731813 2415162.7097097
-0.5987081 -0.4036475 0.0292030 -0.0002244 0.0108099 0.4847424 0.8745901 2415162.9339339
-0.5961931 -0.4074213 0.0290071 -0.0002557 0.0108092 0.4822053 0.8759915 2415163.1581581
-0.5936545 -0.4111790 0.0288100 -0.0002871 0.0108084 0.4796641 0.8773856 2415163.3823824
-0.5910926 -0.4149206 0.0286119 -0.0003184 0.0108075 0.4771189 0.8787723 2415163.6066066
-0.5885074 -0.4186457 0.0284125 -0.0003497 0.0108065 0.4745696 0.8801516 2415163.8308308
-0.5858990 -0.4223544 0.0282121 -0.0003811 0.0108055 0.4720164 0.8815235 2415164.0550550
-0.5832675 -0.4260465 0.0280106 -0.0004124 0.0108043 0.4694592 0.8828880 2415164.2792793
-0.5806131 -0.4297218 0.0278079 -0.0004437 0.0108031 0.4668981 0.8842450 2415164.5035035
-0.5779358 -0.4333801 0.0276042 -0.0004750 0.0108017 0.4643330 0.8855947 2415164.7277277
-0.5752357 -0.4370214 0.0273994 -0.0005063 0.0108003 0.4617641 0.8869369 2415164.9519519
-0.5725130 -0.4406455 0.0271935 -0.0005376 0.0107988 0.4591912 0.8882716 2415165.1761762
-0.5697677 -0.4442522 0.0269865 -0.0005689 0.0107972 0.4566145 0.8895989 2415165.4004004
-0.5670000 -0.4478415 0.0267784 -0.0006002 0.0107955 0.4540340 0.8909188 2415165.6246246
-0.5642100 -0.4514131 0.0265694 -0.0006315 0.0107937 0.4514496 0.8922311 2415165.8488488
-0.5613977 -0.4549669 0.0263592 -0.0006628 0.0107918 0.4488615 0.8935359 2415166.0730731
-0.5585634 -0.4585029 0.0261480 -0.0006941 0.0107899 0.4462696 0.8948333 2415166.2972973
-0.5557071 -0.4620208 0.0259358 -0.0007253 0.0107878 0.4436739 0.8961231 2415166.5215215
-0.5528290 -0.4655205 0.0257226 -0.0007566 0.0107857 0.4410745 0.8974053 2415166.7457457
-0.5499291 -0.4690019 0.0255084 -0.0007879 0.0107834 0.4384714 0.8986801 2415166.9699700
-0.5470075 -0.4724649 0.0252931 -0.0008191 0.0107811 0.4358646 0.8999473 2415167.1941942
-0.5440645 -0.4759093 0.0250769 -0.0008504 0.0107787 0.4332542 0.9012069 2415167.4184184
-0.5411001 -0.4793350 0.0248597 -0.0008816 0.0107762 0.4306401 0.9024590 2415167.6426426
-0.5381144 -0.4827418 0.0246415 -0.0009128 0.0107736 0.4280224 0.9037034 2415167.8668668
-0.5351075 -0.4861297 0.0244223 -0.0009441 0.0107709 0.4254011 0.9049403 2415168.0910911
-0.5320796 -0.4894984 0.0242022 -0.0009753 0.0107681 0.4227762 0.9061696 2415168.3153153
-0.5290308 -0.4928480 0.0239811 -0.0010065 0.0107652 0.4201478 0.9073913 2415168.5395395
-0.5259612 -0.4961781 0.0237591 -0.0010377 0.0107623 0.4175159 0.9086053 2415168.7637637
-0.5228709 -0.4994888 0.0235361 -0.0010689 0.0107592 0.4148804 0.9098117 2415168.9879880
-0.5197601 -0.5027798 0.0233123 -0.0011001 0.0107561 0.4122415 0.9110105 2415169.2122122
-0.5166289 -0.5060511 0.0230875 -0.0011312 0.0107528 0.4095990 0.9122016 2415169.4364364
-0.5134774 -0.5093025 0.0228618 -0.0011624 0.0107495 0.4069532 0.9133850 2415169.6606606
-0.5103057 -0.5125339 0.0226352 -0.0011935 0.0107461 0.4043039 0.9145608 2415169.8848849
-0.5071140 -0.5157452 0.0224077 -0.0012247 0.0107426 0.4016512 0.9157289 2415170.1091091
-0.5039024 -0.5189362 0.0221793 -0.0012558 0.0107390 0.3989952 0.9168893 2415170.3333333
-0.5006710 -0.5221069 0.0219501 -0.0012869 0.0107353 0.3963358 0.9180420 2415170.5575575
-0.4974200 -0.5252571 0.0217200 -0.0013181 0.0107315 0.3936731 0.9191869 2415170.7817818
-0.4941494 -0.5283866 0.0214890 -0.0013492 0.0107277 0.3910070 0.9203242 2415171.0060060
-0.4908594 -0.5314954 0.0212572 -0.0013803 0.0107237 0.3883377 0.9214537 2415171.2302302
-0.4875502 -0.5345834 0.0210246 -0.0014113 0.0107197 0.3856651 0.9225755 2415171.4544544
-0.4842218 -0.5376504 0.0207911 -0.0014424 0.0107155 0.3829893 0.9236895 2415171.6786787
-0.4808745 -0.5406963 0.0205569 -0.0014734 0.0107113 0.3803103 0.9247958 2415171.9029029
-0.4775083 -0.5437210 0.0203218 -0.0015045 0.0107070 0.3776280 0.9258942 2415172.1271271
-0.4741234 -0.5467244 0.0200859 -0.0015355 0.0107026 0.3749426 0.9269850 2415172.3513513
-0.4707198 -0.5497064 0.0198493 -0.0015665 0.0106981 0.3722541 0.9280679 2415172.5755756
-0.4672979 -0.5526668 0.0196118 -0.0015975 0.0106935 0.3695624 0.9291430 2415172.7997998
-0.4638576 -0.5556055 0.0193736 -0.0016285 0.0106888 0.3668676 0.9302103 2415173.0240240
-0.4603991 -0.5585224 0.0191347 -0.0016595 0.0106841 0.3641697 0.9312698 2415173.2482482
-0.4569226 -0.5614175 0.0188949 -0.0016905 0.0106792 0.3614688 0.9323215 2415173.4724725
-0.4534282 -0.5642906 0.0186545 -0.0017214 0.0106743 0.3587648 0.9333654 2415173.6966967
-0.4499160 -0.5671415 0.0184133 -0.0017523 0.0106692 0.3560578 0.9344014 2415173.9209209
-0.4463862 -0.5699703 0.0181714 -0.0017833 0.0106641 0.3533478 0.9354295 2415174.1451451
-0.4428389 -0.5727767 0.0179288 -0.0018142 0.0106589 0.3506349 0.9364498 2415174.3693694
-0.4392742 -0.5755607 0.0176854 -0.0018451 0.0106536 0.3479190 0.9374622 2415174.5935936
-0.4356924 -0.5783221 0.0174414 -0.0018759 0.0106482 0.3452002 0.9384668 2415174.8178178
-0.4320935 -0.5810609 0.0171967 -0.0019068 0.0106427 0.3424785 0.9394635 2415175.0420420
-0.4284776 -0.5837770 0.0169514 -0.0019376 0.0106371 0.3397539 0.9404522 2415175.2662662
-0.4248450 -0.5864702 0.0167053 -0.0019685 0.0106315 0.3370264 0.9414331 2415175.4904905
-0.4211958 -0.5891404 0.0164586 -0.0019993 0.0106257 0.3342961 0.9424061 2415175.7147147
-0.4175301 -0.5917876 0.0162113 -0.0020301 0.0106199 0.3315631 0.9433711 2415175.9389389
-0.4138480 -0.5944116 0.0159633 -0.0020608 0.0106140 0.3288272 0.9443282 2415176.1631631
-0.4101498 -0.5970124 0.0157147 -0.0020916 0.0106079 0.3260885 0.9452774 2415176.3873874
-0.4064355 -0.5995898 0.0154655 -0.0021223 0.0106018 0.3233472 0.9462186 2415176.6116116
-0.4027053 -0.6021438 0.0152157 -0.0021531 0.0105956 0.3206031 0.9471519 2415176.8358358
-0.3989594 -0.6046742 0.0149653 -0.0021838 0.0105894 0.3178563 0.9480773 2415177.0600600
-0.3951979 -0.6071809 0.0147143 -0.0022144 0.0105830 0.3151068 0.9489946 2415177.2842843
-0.3914209 -0.6096640 0.0144627 -0.0022451 0.0105765 0.3123547 0.9499040 2415177.5085085
-0.3876286 -0.6121231 0.0142106 -0.0022758 0.0105700 0.3096000 0.9508054 2415177.7327327
-0.3838211 -0.6145584 0.0139579 -0.0023064 0.0105633 0.3068427 0.9516988 2415177.9569569
-0.3799987 -0.6169696 0.0137047 -0.0023370 0.0105566 0.3040828 0.9525843 2415178.1811812
-0.3761614 -0.6193567 0.0134509 -0.0023676 0.0105498 0.3013203 0.9534617 2415178.4054054
-0.3723093 -0.6217197 0.0131966 -0.0023982 0.0105429 0.2985553 0.9543311 2415178.6296296
-0.3684428 -0.6240583 0.0129418 -0.0024287 0.0105359 0.2957878 0.9551925 2415178.8538538
-0.3645618 -0.6263725 0.0126865 -0.0024592 0.0105288 0.2930178 0.9560459 2415179.0780781
-0.3606667 -0.6286623 0.0124307 -0.0024897 0.0105216 0.2902453 0.9568912 2415179.3023023
-0.3567574 -0.6309275 0.0121744 -0.0025202 0.0105144 0.2874705 0.9577285 2415179.5265265
-0.3528342 -0.6331681 0.0119176 -0.0025507 0.0105070 0.2846931 0.9585577 2415179.7507507
-0.3488972 -0.6353840 0.0116604 -0.0025811 0.0104996 0.2819134 0.9593789 2415179.9749750
-0.3449466 -0.6375750 0.0114027 -0.0026116 0.0104920 0.2791314 0.9601920 2415180.1991992
-0.3409825 -0.6397412 0.0111445 -0.0026420 0.0104844 0.2763470 0.9609971 2415180.4234234
-0.3370051 -0.6418824 0.0108860 -0.0026723 0.0104767 0.2735602 0.9617941 2415180.6476476
-0.3330146 -0.6439985 0.0106270 -0.0027027 0.0104689 0.2707712 0.9625830 2415180.8718719
-0.3290110 -0.6460895 0.0103675 -0.0027330 0.0104611 0.2679799 0.9633638 2415181.0960961
-0.3249946 -0.6481553 0.0101077 -0.0027633 0.0104531 0.2651863 0.9641366 2415181.3203203
-0.3209656 -0.6501958 0.0098475 -0.0027936 0.0104450 0.2623905 0.9649012 2415181.5445445
-0.3169240 -0.6522109 0.0095869 -0.0028239 0.0104369 0.2595926 0.9656577 2415181.7687688
-0.3128701 -0.6542006 0.0093259 -0.0028541 0.0104287 0.2567924 0.9664061 2415181.9929930
-0.3088039 -0.6561648 0.0090646 -0.0028844 0.0104204 0.2539901 0.9671464 2415182.2172172
-0.3047257 -0.6581033 0.0088029 -0.0029146 0.0104119 0.2511856 0.9678786 2415182.4414414
-0.3006356 -0.6600163 0.0085409 -0.0029447 0.0104035 0.2483790 0.9686026 2415182.6656657
-0.2965338 -0.6619034 0.0082785 -0.0029749 0.0103949 0.2455703 0.9693185 2415182.8898899
-0.2924205 -0.6637648 0.0080158 -0.0030050 0.0103862 0.2427596 0.9700262 2415183.1141141
-0.2882957 -0.6656003 0.0077528 -0.0030351 0.0103775 0.2399469 0.9707258 2415183.3383383
-0.2841597 -0.6674099 0.0074895 -0.0030651 0.0103686 0.2371321 0.9714173 2415183.5625625
-0.2800127 -0.6691935 0.0072259 -0.0030952 0.0103597 0.2343153 0.9721005 2415183.7867868
-0.2758547 -0.6709509 0.0069621 -0.0031252 0.0103507 0.2314966 0.9727756 2415184.0110110
-0.2716860 -0.6726823 0.0066979 -0.0031552 0.0103416 0.2286759 0.9734426 2415184.2352352
-0.2675067 -0.6743874 0.0064335 -0.0031852 0.0103324 0.2258533 0.9741013 2415184.4594594
-0.2633169 -0.6760663 0.0061688 -0.0032151 0.0103231 0.2230288 0.9747519 2415184.6836837
-0.2591169 -0.6777188 0.0059039 -0.0032450 0.0103137 0.2202024 0.9753943 2415184.9079079
-0.2549069 -0.6793449 0.0056388 -0.0032749 0.0103043 0.2173741 0.9760285 2415185.1321321
-0.2506869 -0.6809446 0.0053735 -0.0033047 0.0102948 0.2145441 0.9766545 2415185.3563563
-0.2464571 -0.6825178 0.0051079 -0.0033346 0.0102851 0.2117122 0.9772722 2415185.5805806
-0.2422177 -0.6840644 0.0048422 -0.0033644 0.0102754 0.2088786 0.9778818 2415185.8048048
-0.2379689 -0.6855844 0.0045762 -0.0033941 0.0102656 0.2060432 0.9784832 2415186.0290290
-0.2337109 -0.6870777 0.0043101 -0.0034239 0.0102557 0.2032061 0.9790763 2415186.2532532
-0.2294437 -0.6885442 0.0040438 -0.0034536 0.0102458 0.2003672 0.9796612 2415186.4774775
-0.2251677 -0.6899840 0.0037773 -0.0034833 0.0102357 0.1975267 0.9802379 2415186.7017017
-0.2208828 -0.6913969 0.0035107 -0.0035129 0.0102256 0.1946846 0.9808063 2415186.9259259
-0.2165894 -0.6927829 0.0032440 -0.0035425 0.0102154 0.1918407 0.9813665 2415187.1501501
-0.2122875 -0.6941419 0.0029772 -0.0035721 0.0102050 0.1889953 0.9819185 2415187.3743744
-0.2079774 -0.6954740 0.0027102 -0.0036017 0.0101947 0.1861483 0.9824622 2415187.5985986
-0.2036592 -0.6967790 0.0024431 -0.0036312 0.0101842 0.1832997 0.9829976 2415187.8228228
-0.1993331 -0.6980569 0.0021759 -0.0036608 0.0101736 0.1804496 0.9835248 2415188.0470470
-0.1949992 -0.6993076 0.0019087 -0.0036902 0.0101629 0.1775980 0.9840437 2415188.2712713
-0.1906577 -0.7005312 0.0016413 -0.0037197 0.0101522 0.1747449 0.9845544 2415188.4954955
-0.1863089 -0.7017276 0.0013739 -0.0037491 0.0101414 0.1718903 0.9850568 2415188.7197197
-0.1819527 -0.7028966 0.0011065 -0.0037785 0.0101305 0.1690342 0.9855509 2415188.9439439
-0.1775896 -0.7040384 0.0008390 -0.0038078 0.0101195 0.1661768 0.9860367 2415189.1681682
-0.1732195 -0.7051527 0.0005715 -0.0038371 0.0101084 0.1633179 0.9865142 2415189.3923924
-0.1688426 -0.7062397 0.0003039 -0.0038664 0.0100972 0.1604577 0.9869835 2415189.6166166
-0.1644593 -0.7072993 0.0000364 -0.0038957 0.0100860 0.1575961 0.9874445 2415189.8408408
-0.1600695 -0.7083313 -0.0002312 -0.0039249 0.0100746 0.1547332 0.9878971 2415190.0650651
-0.1556735 -0.7093359 -0.0004988 -0.0039541 0.0100632 0.1518690 0.9883415 2415190.2892893
-0.1512715 -0.7103129 -0.0007663 -0.0039832 0.0100517 0.1490036 0.9887775 2415190.5135135
-0.1468636 -0.7112623 -0.0010338 -0.0040123 0.0100401 0.1461369 0.9892053 2415190.7377377
-0.1424499 -0.7121840 -0.0013013 -0.0040414 0.0100285 0.1432689 0.9896247 2415190.9619619
-0.1380308 -0.7130781 -0.0015687 -0.0040705 0.0100167 0.1403997 0.9900359 2415191.1861862
-0.1336063 -0.7139446 -0.0018360 -0.0040995 0.0100049 0.1375294 0.9904387 2415191.4104104
-0.1291766 -0.7147833 -0.0021033 -0.0041285 0.0099929 0.1346579 0.9908332 2415191.6346346
-0.1247419 -0.7155943 -0.0023705 -0.0041574 0.0099809 0.1317853 0.9912193 2415191.8588588
-0.1203023 -0.7163775 -0.0026376 -0.0041863 0.0099688 0.1289116 0.9915971 2415192.0830831
-0.1158581 -0.7171328 -0.0029046 -0.0042152 0.0099567 0.1260368 0.9919666 2415192.3073073
-0.1114094 -0.7178604 -0.0031715 -0.0042441 0.0099444 0.1231609 0.9923278 2415192.5315315
-0.1069563 -0.7185601 -0.0034383 -0.0042729 0.0099321 0.1202840 0.9926806 2415192.7557557
-0.1024992 -0.7192319 -0.0037049 -0.0043016 0.0099196 0.1174061 0.9930251 2415192.9799800
-0.0980380 -0.7198758 -0.0039714 -0.0043304 0.0099071 0.1145272 0.9933613 2415193.2042042
-0.0935730 -0.7204918 -0.0042377 -0.0043591 0.0098945 0.1116473 0.9936891 2415193.4284284
-0.0891044 -0.7210799 -0.0045039 -0.0043877 0.0098819 0.1087665 0.9940085 2415193.6526526
-0.0846324 -0.7216399 -0.0047699 -0.0044164 0.0098691 0.1058848 0.9943196 2415193.8768769
-0.0801570 -0.7221720 -0.0050357 -0.0044449 0.0098562 0.1030022 0.9946224 2415194.1011011
-0.0756786 -0.7226761 -0.0053013 -0.0044735 0.0098433 0.1001187 0.9949168 2415194.3253253
-0.0711972 -0.7231522 -0.0055668 -0.0045020 0.0098303 0.0972344 0.9952028 2415194.5495495
-0.0667130 -0.7236002 -0.0058319 -0.0045305 0.0098172 0.0943492 0.9954804 2415194.7737738
-0.0622263 -0.7240202 -0.0060969 -0.0045589 0.0098041 0.0914633 0.9957497 2415194.9979980
-0.0577372 -0.7244121 -0.0063617 -0.0045873 0.0097908 0.0885766 0.9960107 2415195.2222222
-0.0532458 -0.7247759 -0.0066261 -0.0046157 0.0097775 0.0856892 0.9962632 2415195.4464464
-0.0487523 -0.7251116 -0.0068904 -0.0046440 0.0097640 0.0828010 0.9965074 2415195.6706707
-0.0442570 -0.7254193 -0.0071543 -0.0046723 0.0097505 0.0799122 0.9967433 2415195.8948949
-0.0397600 -0.7256988 -0.0074180 -0.0047005 0.0097370 0.0770227 0.9969707 2415196.1191191
-0.0352614 -0.7259502 -0.0076814 -0.0047287 0.0097233 0.0741325 0.9971898 2415196.3433433
-0.0307614 -0.7261735 -0.0079445 -0.0047569 0.0097095 0.0712417 0.9974005 2415196.5675676
-0.0262603 -0.7263687 -0.0082073 -0.0047850 0.0096957 0.0683503 0.9976028 2415196.7917918
-0.0217581 -0.7265357 -0.0084698 -0.0048131 0.0096818 0.0654583 0.9977967 2415197.0160160
-0.0172551 -0.7266745 -0.0087319 -0.0048412 0.0096678 0.0625658 0.9979823 2415197.2402402
-0.0127514 -0.7267853 -0.0089938 -0.0048692 0.0096537 0.0596728 0.9981594 2415197.4644645
-0.0082473 -0.7268679 -0.0092552 -0.0048971 0.0096396 0.0567792 0.9983282 2415197.6886887
-0.0037428 -0.7269223 -0.0095163 -0.0049250 0.0096253 0.0538852 0.9984886 2415197.9129129
0.0007619 -0.7269486 -0.0097770 -0.0049529 0.0096110 0.0509907 0.9986406 2415198.1371371
0.0052665 -0.7269467 -0.0100374 -0.0049808 0.0095966 0.0480958 0.9987842 2415198.3613614
0.0097709 -0.7269168 -0.0102974 -0.0050086 0.0095822 0.0452005 0.9989194 2415198.5855856
0.0142749 -0.7268586 -0.0105569 -0.0050363 0.0095676 0.0423048 0.9990462 2415198.8098098
0.0187784 -0.7267724 -0.0108161 -0.0050640 0.0095530 0.0394088 0.9991647 2415199.0340340
0.0232811 -0.7266580 -0.0110748 -0.0050917 0.0095382 0.0365124 0.9992747 2415199.2582582
0.0277830 -0.7265154 -0.0113332 -0.0051193 0.0095234 0.0336157 0.9993763 2415199.4824825
0.0322837 -0.7263448 -0.0115910 -0.0051469 0.0095086 0.0307188 0.9994696 2415199.7067067
0.0367832 -0.7261461 -0.0118485 -0.0051744 0.0094936 0.0278216 0.9995544 2415199.9309309
0.0412813 -0.7259193 -0.0121054 -0.0052019 0.0094786 0.0249241 0.9996309 2415200.1551551
0.0457778 -0.7256643 -0.0123619 -0.0052294 0.0094634 0.0220265 0.9996989 2415200.3793794
0.0502726 -0.7253814 -0.0126179 -0.0052568 0.0094482 0.0191286 0.9997586 2415200.6036036
0.0547654 -0.7250703 -0.0128735 -0.0052842 0.0094330 0.0162306 0.9998098 2415200.8278278
0.0592560 -0.7247312 -0.0131285 -0.0053115 0.0094176 0.0133324 0.9998527 2415201.0520520
0.0637444 -0.7243641 -0.0133830 -0.0053388 0.0094022 0.0104342 0.9998871 2415201.2762763
0.0682303 -0.7239690 -0.0136370 -0.0053660 0.0093867 0.0075358 0.9999132 2415201.5005005
0.0727136 -0.7235459 -0.0138905 -0.0053932 0.0093711 0.0046374 0.9999308 2415201.7247247
0.0771940 -0.7230948 -0.0141435 -0.0054203 0.0093554 0.0017390 0.9999400 2415201.9489489
0.0816715 -0.7226157 -0.0143959 -0.0054474 0.0093396 -0.0011595 0.9999409 2415202.1731732
0.0861458 -0.7221087 -0.0146477 -0.0054745 0.0093238 -0.0040579 0.9999333 2415202.3973974
0.0906168 -0.7215738 -0.0148990 -0.0055015 0.0093079 -0.0069563 0.9999173 2415202.6216216
0.0950843 -0.7210110 -0.0151497 -0.0055284 0.0092919 -0.0098547 0.9998930 2415202.8458458
0.0995481 -0.7204203 -0.0153998 -0.0055553 0.0092759 -0.0127530 0.9998602 2415203.0700701
0.1040081 -0.7198018 -0.0156493 -0.0055822 0.0092597 -0.0156511 0.9998191 2415203.2942943
0.1084640 -0.7191554 -0.0158982 -0.0056090 0.0092435 -0.0185492 0.9997695 2415203.5185185
0.1129157 -0.7184813 -0.0161465 -0.0056358 0.0092272 -0.0214471 0.9997115 2415203.7427427
0.1173631 -0.7177794 -0.0163942 -0.0056625 0.0092108 -0.0243448 0.9996452 2415203.9669670
0.1218060 -0.7170498 -0.0166412 -0.0056892 0.0091944 -0.0272423 0.9995704 2415204.1911912
0.1262441 -0.7162925 -0.0168876 -0.0057158 0.0091778 -0.0301395 0.9994872 2415204.4154154
0.1306774 -0.7155075 -0.0171334 -0.0057424 0.0091612 -0.0330365 0.9993957 2415204.6396396
0.1351056 -0.7146948 -0.0173785 -0.0057689 0.0091446 -0.0359333 0.9992957 2415204.8638639
0.1395286 -0.7138546 -0.0176229 -0.0057954 0.0091278 -0.0388297 0.9991873 2415205.0880881
0.1439462 -0.7129867 -0.0178666 -0.0058218 0.0091110 -0.0417258 0.9990706 2415205.3123123
0.1483583 -0.7120914 -0.0181097 -0.0058482 0.0090940 -0.0446216 0.9989454 2415205.5365365
0.1527646 -0.7111685 -0.0183520 -0.0058746 0.0090771 -0.0475170 0.9988119 2415205.7607608
0.1571650 -0.7102182 -0.0185936 -0.0059008 0.0090600 -0.0504120 0.9986700 2415205.9849850
0.1615594 -0.7092404 -0.0188345 -0.0059271 0.0090428 -0.0533065 0.9985197 2415206.2092092
0.1659475 -0.7082353 -0.0190747 -0.0059533 0.0090256 -0.0562006 0.9983609 2415206.4334334
0.1703292 -0.7072028 -0.0193142 -0.0059794 0.0090083 -0.0590943 0.9981939 2415206.6576576
0.1747043 -0.7061430 -0.0195529 -0.0060055 0.0089910 -0.0619874 0.9980184 2415206.8818819
0.1790727 -0.7050559 -0.0197908 -0.0060315 0.0089735 -0.0648800 0.9978345 2415207.1061061
0.1834342 -0.7039417 -0.0200280 -0.0060575 0.0089560 -0.0677721 0.9976422 2415207.3303303
0.1877886 -0.7028002 -0.0202644 -0.0060834 0.0089384 -0.0706636 0.9974416 2415207.5545545
0.1921357 -0.7016316 -0.0205001 -0.0061093 0.0089207 -0.0735545 0.9972326 2415207.7787788
0.1964754 -0.7004360 -0.0207349 -0.0061352 0.0089030 -0.0764448 0.9970152 2415208.0030030
0.2008076 -0.6992133 -0.0209689 -0.0061609 0.0088852 -0.0793345 0.9967894 2415208.2272272
0.2051320 -0.6979636 -0.0212022 -0.0061867 0.0088673 -0.0822235 0.9965553 2415208.4514514
0.2094485 -0.6966870 -0.0214346 -0.0062123 0.0088493 -0.0851118 0.9963127 2415208.6756757
0.2137569 -0.6953835 -0.0216662 -0.0062380 0.0088312 -0.0879994 0.9960619 2415208.8998999
0.2180570 -0.6940532 -0.0218969 -0.0062635 0.0088131 -0.0908862 0.9958026 2415209.1241241
0.2223487 -0.6926960 -0.0221268 -0.0062891 0.0087949 -0.0937723 0.9955350 2415209.3483483
0.2266319 -0.6913122 -0.0223559 -0.0063145 0.0087767 -0.0966576 0.9952590 2415209.5725726
0.2309063 -0.6899017 -0.0225841 -0.0063399 0.0087583 -0.0995421 0.9949746 2415209.7967968
0.2351718 -0.6884646 -0.0228114 -0.0063653 0.0087399 -0.1024257 0.9946819 2415210.0210210
0.2394282 -0.6870009 -0.0230378 -0.0063906 0.0087214 -0.1053085 0.9943808 2415210.2452452
0.2436754 -0.6855107 -0.0232634 -0.0064159 0.0087029 -0.1081904 0.9940714 2415210.4694695
0.2479132 -0.6839940 -0.0234880 -0.0064411 0.0086842 -0.1110714 0.9937536 2415210.6936937
0.2521414 -0.6824510 -0.0237118 -0.0064662 0.0086655 -0.1139514 0.9934275 2415210.9179179
0.2563599 -0.6808817 -0.0239346 -0.0064913 0.0086467 -0.1168305 0.9930930 2415211.1421421
0.2605685 -0.6792861 -0.0241565 -0.0065163 0.0086279 -0.1197086 0.9927502 2415211.3663664
0.2647671 -0.6776643 -0.0243775 -0.0065413 0.0086090 -0.1225857 0.9923990 2415211.5905906
0.2689555 -0.6760164 -0.0245975 -0.0065662 0.0085900 -0.1254618 0.9920395 2415211.8148148
0.2731334 -0.6743424 -0.0248166 -0.0065911 0.0085709 -0.1283369 0.9916717 2415212.0390390
0.2773009 -0.6726423 -0.0250347 -0.0066159 0.0085518 -0.1312108 0.9912955 2415212.2632633
0.2814576 -0.6709164 -0.0252519 -0.0066407 0.0085326 -0.1340836 0.9909110 2415212.4874875
0.2856036 -0.6691646 -0.0254681 -0.0066654 0.0085133 -0.1369554 0.9905182 2415212.7117117
0.2897384 -0.6673870 -0.0256833 -0.0066900 0.0084939 -0.1398259 0.9901171 2415212.9359359
0.2938622 -0.6655836 -0.0258975 -0.0067146 0.0084745 -0.1426953 0.9897076 2415213.1601602
0.2979746 -0.6637546 -0.0261107 -0.0067392 0.0084550 -0.1455635 0.9892898 2415213.3843844
0.3020755 -0.6619000 -0.0263229 -0.0067637 0.0084354 -0.1484305 0.9888637 2415213.6086086
0.3061647 -0.6600199 -0.0265341 -0.0067881 0.0084158 -0.1512962 0.9884293 2415213.8328328
0.3102422 -0.6581144 -0.0267443 -0.0068124 0.0083961 -0.1541607 0.9879866 2415214.0570570
0.3143077 -0.6561834 -0.0269534 -0.0068368 0.0083763 -0.1570238 0.9875356 2415214.2812813
0.3183610 -0.6542272 -0.0271615 -0.0068610 0.0083564 -0.1598857 0.9870763 2415214.5055055
0.3224021 -0.6522458 -0.0273686 -0.0068852 0.0083365 -0.1627462 0.9866087 2415214.7297297
0.3264308 -0.6502392 -0.0275746 -0.0069093 0.0083165 -0.1656053 0.9861328 2415214.9539539
0.3304469 -0.6482076 -0.0277795 -0.0069334 0.0082964 -0.1684630 0.9856487 2415215.1781782
0.3344503 -0.6461509 -0.0279834 -0.0069574 0.0082763 -0.1713194 0.9851562 2415215.4024024
0.3384408 -0.6440694 -0.0281862 -0.0069814 0.0082561 -0.1741742 0.9846555 2415215.6266266
0.3424182 -0.6419631 -0.0283879 -0.0070053 0.0082358 -0.1770277 0.9841465 2415215.8508508
0.3463824 -0.6398320 -0.0285885 -0.0070291 0.0082155 -0.1798796 0.9836292 2415216.0750751
0.3503333 -0.6376762 -0.0287880 -0.0070529 0.0081951 -0.1827300 0.9831037 2415216.2992993
0.3542707 -0.6354959 -0.0289864 -0.0070766 0.0081746 -0.1855789 0.9825699 2415216.5235235
0.3581944 -0.6332911 -0.0291837 -0.0071003 0.0081541 -0.1884262 0.9820278 2415216.7477477
0.3621043 -0.6310619 -0.0293798 -0.0071239 0.0081335 -0.1912720 0.9814775 2415216.9719720
0.3660003 -0.6288084 -0.0295748 -0.0071475 0.0081128 -0.1941161 0.9809190 2415217.1961962
0.3698822 -0.6265306 -0.0297687 -0.0071709 0.0080920 -0.1969586 0.9803522 2415217.4204204
0.3737498 -0.6242287 -0.0299615 -0.0071944 0.0080712 -0.1997994 0.9797772 2415217.6446446
0.3776030 -0.6219027 -0.0301531 -0.0072177 0.0080503 -0.2026386 0.9791939 2415217.8688689
0.3814417 -0.6195528 -0.0303435 -0.0072410 0.0080294 -0.2054761 0.9786024 2415218.0930931
0.3852656 -0.6171791 -0.0305327 -0.0072643 0.0080083 -0.2083118 0.9780027 2415218.3173173
0.3890748 -0.6147815 -0.0307208 -0.0072875 0.0079872 -0.2111458 0.9773948 2415218.5415415
0.3928689 -0.6123602 -0.0309077 -0.0073106 0.0079661 -0.2139780 0.9767786 2415218.7657658
0.3966479 -0.6099154 -0.0310934 -0.0073337 0.0079449 -0.2168084 0.9761543 2415218.9899900
0.4004116 -0.6074471 -0.0312779 -0.0073566 0.0079236 -0.2196370 0.9755217 2415219.2142142
0.4041599 -0.6049553 -0.0314612 -0.0073796 0.0079022 -0.2224638 0.9748810 2415219.4384384
0.4078926 -0.6024403 -0.0316433 -0.0074025 0.0078808 -0.2252887 0.9742321 2415219.6626627
0.4116097 -0.5999020 -0.0318241 -0.0074253 0.0078593 -0.2281117 0.9735749 2415219.8868869
0.4153108 -0.5973407 -0.0320038 -0.0074480 0.0078377 -0.2309327 0.9729096 2415220.1111111
0.4189960 -0.5947563 -0.0321822 -0.0074707 0.0078161 -0.2337519 0.9722362 2415220.3353353
0.4226650 -0.5921490 -0.0323594 -0.0074933 0.0077944 -0.2365690 0.9715545 2415220.5595596
0.4263177 -0.5895189 -0.0325353 -0.0075159 0.0077727 -0.2393842 0.9708647 2415220.7837838
0.4299540 -0.5868661 -0.0327099 -0.0075384 0.0077509 -0.2421974 0.9701667 2415221.0080080
0.4335738 -0.5841907 -0.0328833 -0.0075608 0.0077290 -0.2450085 0.9694606 2415221.2322322
0.4371768 -0.5814928 -0.0330555 -0.0075832 0.0077070 -0.2478176 0.9687464 2415221.4564565
0.4407630 -0.5787725 -0.0332264 -0.0076055 0.0076850 -0.2506246 0.9680240 2415221.6806807
0.4443323 -0.5760299 -0.0333959 -0.0076278 0.0076629 -0.2534295 0.9672934 2415221.9049049
0.4478844 -0.5732651 -0.0335642 -0.0076499 0.0076408 -0.2562322 0.9665548 2415222.1291291
0.4514192 -0.5704783 -0.0337313 -0.0076720 0.0076186 -0.2590329 0.9658080 2415222.3533533
0.4549367 -0.5676694 -0.0338970 -0.0076941 0.0075963 -0.2618313 0.9650531 2415222.5775776
0.4584367 -0.5648387 -0.0340614 -0.0077161 0.0075740 -0.2646275 0.9642901 2415222.8018018
0.4619189 -0.5619863 -0.0342245 -0.0077380 0.0075516 -0.2674215 0.9635190 2415223.0260260
0.4653834 -0.5591122 -0.0343862 -0.0077599 0.0075291 -0.2702133 0.9627398 2415223.2502502
0.4688300 -0.5562165 -0.0345467 -0.0077817 0.0075066 -0.2730028 0.9619525 2415223.4744745
0.4722585 -0.5532994 -0.0347058 -0.0078034 0.0074840 -0.2757900 0.9611571 2415223.6986987
0.4756689 -0.5503611 -0.0348636 -0.0078250 0.0074614 -0.2785748 0.9603537 2415223.9229229
0.4790609 -0.5474015 -0.0350200 -0.0078466 0.0074386 -0.2813574 0.9595421 2415224.1471471
0.4824344 -0.5444208 -0.0351751 -0.0078682 0.0074159 -0.2841376 0.9587226 2415224.3713714
0.4857894 -0.5414192 -0.0353288 -0.0078896 0.0073930 -0.2869153 0.9578949 2415224.5955956
0.4891256 -0.5383967 -0.0354812 -0.0079110 0.0073701 -0.2896907 0.9570592 2415224.8198198
0.4924431 -0.5353535 -0.0356322 -0.0079324 0.0073472 -0.2924637 0.9562155 2415225.0440440
0.4957415 -0.5322896 -0.0357818 -0.0079536 0.0073241 -0.2952341 0.9553638 2415225.2682683
0.4990209 -0.5292053 -0.0359301 -0.0079748 0.0073011 -0.2980021 0.9545040 2415225.4924925
0.5022810 -0.5261006 -0.0360770 -0.0079959 0.0072779 -0.3007676 0.9536362 2415225.7167167
0.5055218 -0.5229756 -0.0362225 -0.0080170 0.0072547 -0.3035306 0.9527603 2415225.9409409
0.5087431 -0.5198305 -0.0363665 -0.0080380 0.0072314 -0.3062910 0.9518765 2415226.1651652
0.5119448 -0.5166653 -0.0365092 -0.0080589 0.0072081 -0.3090489 0.9509847 2415226.3893894
0.5151268 -0.5134802 -0.0366505 -0.0080798 0.0071847 -0.3118041 0.9500849 2415226.6136136
0.5182890 -0.5102754 -0.0367904 -0.0081006 0.0071613 -0.3145568 0.9491771 2415226.8378378
0.5214312 -0.5070509 -0.0369288 -0.0081213 0.0071378 -0.3173068 0.9482613 2415227.0620621
0.5245533 -0.5038069 -0.0370659 -0.0081420 0.0071142 -0.3200541 0.9473376 2415227.2862863
0.5276552 -0.5005435 -0.0372015 -0.0081625 0.0070906 -0.3227987 0.9464059 2415227.5105105
0.5307368 -0.4972608 -0.0373356 -0.0081831 0.0070669 -0.3255406 0.9454662 2415227.7347347
0.5337979 -0.4939589 -0.0374683 -0.0082035 0.0070431 -0.3282798 0.9445186 2415227.9589590
0.5368385 -0.4906380 -0.0375996 -0.0082239 0.0070193 -0.3310163 0.9435631 2415228.1831832
0.5398584 -0.4872982 -0.0377295 -0.0082442 0.0069954 -0.3337499 0.9425996 2415228.4074074
0.5428575 -0.4839397 -0.0378579 -0.0082645 0.0069715 -0.3364808 0.9416283 2415228.6316316
0.5458357 -0.4805625 -0.0379848 -0.0082846 0.0069475 -0.3392088 0.9406490 2415228.8558559
0.5487928 -0.4771668 -0.0381102 -0.0083047 0.0069235 -0.3419339 0.9396618 2415229.0800801
0.5517288 -0.4737527 -0.0382342 -0.0083248 0.0068994 -0.3446562 0.9386667 2415229.3043043
0.5546436 -0.4703203 -0.0383568 -0.0083447 0.0068752 -0.3473756 0.9376637 2415229.5285285
0.5575370 -0.4668698 -0.0384778 -0.0083646 0.0068510 -0.3500921 0.9366529 2415229.7527527
0.5604089 -0.4634014 -0.0385974 -0.0083844 0.0068267 -0.3528056 0.9356342 2415229.9769770
0.5632592 -0.4599151 -0.0387154 -0.0084042 0.0068024 -0.3555162 0.9346076 2415230.2012012
0.5660879 -0.4564111 -0.0388320 -0.0084239 0.0067780 -0.3582238 0.9335731 2415230.4254254
0.5688947 -0.4528895 -0.0389471 -0.0084435 0.0067536 -0.3609284 0.9325309 2415230.6496496
0.5716796 -0.4493504 -0.0390607 -0.0084630 0.0067291 -0.3636299 0.9314807 2415230.8738739
0.5744424 -0.4457940 -0.0391728 -0.0084825 0.0067045 -0.3663284 0.9304228 2415231.0980981
0.5771832 -0.4422205 -0.0392833 -0.0085019 0.0066799 -0.3690238 0.9293570 2415231.3223223
0.5799017 -0.4386299 -0.0393924 -0.0085212 0.0066552 -0.3717161 0.9282835 2415231.5465465
0.5825978 -0.4350224 -0.0394999 -0.0085405 0.0066305 -0.3744053 0.9272021 2415231.7707708
0.5852715 -0.4313982 -0.0396059 -0.0085597 0.0066057 -0.3770914 0.9261130 2415231.9949950
0.5879226 -0.4277573 -0.0397104 -0.0085788 0.0065809 -0.3797742 0.9250160 2415232.2192192
0.5905511 -0.4240999 -0.0398134 -0.0085978 0.0065560 -0.3824539 0.9239113 2415232.4434434
0.5931569 -0.4204262 -0.0399148 -0.0086168 0.0065310 -0.3851304 0.9227988 2415232.6676677
0.5957397 -0.4167363 -0.0400147 -0.0086357 0.0065060 -0.3878036 0.9216786 2415232.8918919
0.5982996 -0.4130304 -0.0401131 -0.0086545 0.0064810 -0.3904736 0.9205506 2415233.1161161
0.6008365 -0.4093085 -0.0402099 -0.0086732 0.0064558 -0.3931403 0.9194149 2415233.3403403
0.6033502 -0.4055708 -0.0403051 -0.0086919 0.0064307 -0.3958037 0.9182715 2415233.5645646
0.6058406 -0.4018176 -0.0403988 -0.0087105 0.0064055 -0.3984637 0.9171204 2415233.7887888
0.6083077 -0.3980488 -0.0404909 -0.0087291 0.0063802 -0.4011205 0.9159615 2415234.0130130
0.6107514 -0.3942647 -0.0405815 -0.0087475 0.0063549 -0.4037738 0.9147950 2415234.2372372
0.6131715 -0.3904654 -0.0406705 -0.0087659 0.0063295 -0.4064238 0.9136207 2415234.4614615
0.6155679 -0.3866510 -0.0407580 -0.0087842 0.0063040 -0.4090703 0.9124388 2415234.6856857
0.6179407 -0.3828217 -0.0408439 -0.0088024 0.0062785 -0.4117134 0.9112492 2415234.9099099
0.6202896 -0.3789777 -0.0409282 -0.0088206 0.0062530 -0.4143530 0.9100520 2415235.1341341
0.6226146 -0.3751191 -0.0410109 -0.0088387 0.0062274 -0.4169892 0.9088471 2415235.3583584
0.6249156 -0.3712460 -0.0410920 -0.0088567 0.0062018 -0.4196219 0.9076346 2415235.5825826
0.6271925 -0.3673586 -0.0411716 -0.0088747 0.0061761 -0.4222510 0.9064145 2415235.8068068
0.6294452 -0.3634570 -0.0412496 -0.0088925 0.0061503 -0.4248766 0.9051867 2415236.0310310
0.6316737 -0.3595414 -0.0413259 -0.0089103 0.0061245 -0.4274986 0.9039514 2415236.2552553
0.6338778 -0.3556120 -0.0414007 -0.0089280 0.0060987 -0.4301170 0.9027084 2415236.4794795
0.6360574 -0.3516688 -0.0414739 -0.0089457 0.0060728 -0.4327318 0.9014579 2415236.7037037
0.6382125 -0.3477121 -0.0415455 -0.0089632 0.0060468 -0.4353430 0.9001997 2415236.9279279
0.6403431 -0.3437419 -0.0416155 -0.0089807 0.0060208 -0.4379505 0.8989341 2415237.1521522
0.6424489 -0.3397585 -0.0416839 -0.0089981 0.0059947 -0.4405544 0.8976608 2415237.3763764
0.6445299 -0.3357621 -0.0417506 -0.0090155 0.0059686 -0.4431545 0.8963801 2415237.6006006
0.6465861 -0.3317526 -0.0418158 -0.0090327 0.0059425 -0.4457509 0.8950917 2415237.8248248
0.6486173 -0.3277304 -0.0418794 -0.0090499 0.0059163 -0.4483436 0.8937959 2415238.0490490
0.6506235 -0.3236955 -0.0419413 -0.0090670 0.0058900 -0.4509325 0.8924926 2415238.2732733
0.6526047 -0.3196481 -0.0420016 -0.0090841 0.0058637 -0.4535176 0.8911817 2415238.4974975
0.6545606 -0.3155884 -0.0420603 -0.0091010 0.0058373 -0.4560989 0.8898634 2415238.7217217
0.6564913 -0.3115166 -0.0421174 -0.0091179 0.0058109 -0.4586763 0.8885376 2415238.9459459
0.6583967 -0.3074327 -0.0421728 -0.0091347 0.0057845 -0.4612499 0.8872044 2415239.1701702
0.6602767 -0.3033369 -0.0422267 -0.0091514 0.0057580 -0.4638197 0.8858636 2415239.3943944
0.6621311 -0.2992295 -0.0422789 -0.0091681 0.0057314 -0.4663855 0.8845155 2415239.6186186
0.6639601 -0.2951105 -0.0423294 -0.0091847 0.0057048 -0.4689474 0.8831599 2415239.8428428
0.6657634 -0.2909801 -0.0423783 -0.0092012 0.0056782 -0.4715054 0.8817969 2415240.0670671
0.6675410 -0.2868385 -0.0424256 -0.0092176 0.0056515 -0.4740595 0.8804264 2415240.2912913
0.6692929 -0.2826858 -0.0424713 -0.0092339 0.0056248 -0.4766095 0.8790486 2415240.5155155
0.6710189 -0.2785222 -0.0425153 -0.0092502 0.0055980 -0.4791555 0.8776634 2415240.7397397
0.6727191 -0.2743478 -0.0425577 -0.0092664 0.0055711 -0.4816975 0.8762708 2415240.9639640
0.6743933 -0.2701629 -0.0425984 -0.0092825 0.0055442 -0.4842355 0.8748709 2415241.1881882
0.6760414 -0.2659676 -0.0426375 -0.0092985 0.0055173 -0.4867694 0.8734636 2415241.4124124
0.6776634 -0.2617619 -0.0426750 -0.0093145 0.0054903 -0.4892992 0.8720490 2415241.6366366
0.6792593 -0.2575462 -0.0427108 -0.0093304 0.0054633 -0.4918249 0.8706270 2415241.8608609
0.6808290 -0.2533205 -0.0427449 -0.0093461 0.0054362 -0.4943464 0.8691977 2415242.0850851
0.6823723 -0.2490851 -0.0427774 -0.0093619 0.0054091 -0.4968638 0.8677612 2415242.3093093
0.6838894 -0.2448400 -0.0428082 -0.0093775 0.0053820 -0.4993771 0.8663173 2415242.5335335
0.6853800 -0.2405854 -0.0428374 -0.0093931 0.0053548 -0.5018861 0.8648661 2415242.7577578
0.6868441 -0.2363216 -0.0428650 -0.0094085 0.0053275 -0.5043909 0.8634077 2415242.9819820
0.6882817 -0.2320487 -0.0428909 -0.0094240 0.0053002 -0.5068915 0.8619421 2415243.2062062
0.6896928 -0.2277668 -0.0429151 -0.0094393 0.0052729 -0.5093878 0.8604691 2415243.4304304
0.6910772 -0.2234761 -0.0429376 -0.0094545 0.0052455 -0.5118799 0.8589890 2415243.6546547
0.6924349 -0.2191767 -0.0429586 -0.0094697 0.0052181 -0.5143676 0.8575016 2415243.8788789
0.6937658 -0.2148689 -0.0429778 -0.0094848 0.0051906 -0.5168510 0.8560071 2415244.1031031
0.6950700 -0.2105528 -0.0429954 -0.0094998 0.0051631 -0.5193301 0.8545053 2415244.3273273
0.6963473 -0.2062286 -0.0430113 -0.0095147 0.0051355 -0.5218048 0.8529964 2415244.5515516
0.6975977 -0.2018964 -0.0430256 -0.0095295 0.0051079 -0.5242751 0.8514803 2415244.7757758
